# BJD(TDB)-2450000 airmass sky(ADU) dx(pix) dy(pix) fwhm(pix) peak(ADU) frame flux(r=9.0) err(r=9.0) flux(r=10.0) err(r=10.0) flux(r=11.0) err(r=11.0) flux(r=12.0) err(r=12.0) flux(r=13.0) err(r=13.0) flux(r=14.0) err(r=14.0) 
7800.099692 1.9196 2560.9 -1.522 -0.067 10.35 13180.2 MSCL0_1702150533 0.999256 0.002186 0.999411 0.002217 0.999834 0.002268 0.999693 0.002333 1.000118 0.002410 0.999559 0.002494 
7800.100433 1.9102 2556.9 -1.843 0.175 9.95 13581.1 MSCL0_1702150534 0.994747 0.002164 0.996186 0.002198 0.997899 0.002251 1.000215 0.002319 1.001618 0.002396 1.003275 0.002482 
7800.101185 1.9007 2569.2 -1.062 -0.709 9.78 13743.7 MSCL0_1702150535 1.001948 0.002181 1.001956 0.002214 1.002349 0.002268 1.001811 0.002333 1.002999 0.002412 1.003044 0.002496 
7800.101915 1.8917 2571.3 -0.741 0.107 10.07 13068.7 MSCL0_1702150536 0.995780 0.002197 0.996707 0.002226 0.996623 0.002273 0.996465 0.002334 0.997454 0.002409 0.998428 0.002492 
7800.102655 1.8826 2564.2 -1.728 0.014 9.25 14741.9 MSCL0_1702150537 1.005359 0.002134 1.006347 0.002174 1.007348 0.002231 1.007821 0.002300 1.007944 0.002378 1.008311 0.002464 
7800.103396 1.8735 2552.3 -0.551 0.084 8.94 16088.7 MSCL0_1702150538 1.001565 0.002105 1.002818 0.002147 1.004618 0.002208 1.005420 0.002278 1.004891 0.002355 1.004689 0.002440 
7800.104126 1.8648 2532.3 -1.505 -0.124 7.76 20967.6 MSCL0_1702150539 1.006270 0.002016 1.006527 0.002073 1.007065 0.002141 1.007287 0.002219 1.007465 0.002303 1.007777 0.002391 
7800.104867 1.8559 2531.6 -0.523 0.198 8.63 17254.8 MSCL0_1702150540 1.003072 0.002056 1.004170 0.002102 1.004264 0.002161 1.003974 0.002230 1.003899 0.002307 1.004916 0.002393 
7800.105608 1.8472 2545.0 -2.102 0.134 7.92 18813.6 MSCL0_1702150541 1.006664 0.002031 1.006873 0.002080 1.007585 0.002143 1.008170 0.002216 1.008752 0.002296 1.008851 0.002381 
7800.106360 1.8384 2548.9 -0.970 -0.054 8.21 18612.2 MSCL0_1702150542 1.003502 0.002018 1.004071 0.002068 1.004807 0.002133 1.006181 0.002208 1.006296 0.002289 1.005835 0.002375 
7800.107089 1.8300 2545.0 -1.224 -0.075 8.02 19562.9 MSCL0_1702150543 1.001750 0.002002 1.001733 0.002051 1.001023 0.002112 1.000449 0.002182 1.000000 0.002259 1.000868 0.002344 
7800.107842 1.8213 2564.5 -0.844 0.093 8.76 17356.3 MSCL0_1702150544 1.004209 0.002047 1.004504 0.002093 1.005075 0.002155 1.005281 0.002226 1.005793 0.002307 1.005894 0.002393 
7800.108571 1.8131 2563.9 -1.243 0.042 8.05 18857.3 MSCL0_1702150545 1.006470 0.002027 1.007809 0.002077 1.008123 0.002140 1.007869 0.002212 1.009054 0.002295 1.010085 0.002382 
7800.109311 1.8048 2572.7 -1.023 0.362 7.80 20281.7 MSCL0_1702150546 1.001514 0.001995 1.000971 0.002048 1.000811 0.002115 1.001665 0.002191 1.002073 0.002275 1.000502 0.002360 
7800.110052 1.7966 2579.8 -1.055 0.066 7.83 20256.7 MSCL0_1702150547 1.005150 0.001996 1.005544 0.002049 1.005974 0.002116 1.006222 0.002191 1.006884 0.002275 1.006983 0.002362 
7800.110781 1.7886 2590.2 -1.135 -0.005 7.75 21518.9 MSCL0_1702150548 1.004039 0.001985 1.004070 0.002043 1.004536 0.002113 1.004272 0.002190 1.004720 0.002275 1.005091 0.002365 
7800.111511 1.7807 2619.4 -0.973 0.440 7.64 20226.9 MSCL0_1702150549 1.004037 0.002011 1.004163 0.002068 1.003855 0.002136 1.003429 0.002213 1.003435 0.002297 1.003502 0.002386 
7800.112263 1.7726 2636.7 -1.293 0.132 7.02 24814.2 MSCL0_1702150550 1.003949 0.001992 1.004396 0.002058 1.003836 0.002133 1.004273 0.002218 1.004081 0.002308 1.003950 0.002402 
7800.112992 1.7648 2654.5 -0.921 0.429 7.47 22421.4 MSCL0_1702150551 1.004161 0.002017 1.005001 0.002083 1.005631 0.002159 1.004977 0.002242 1.004465 0.002332 1.003850 0.002427 
7800.113710 1.7572 2654.2 -1.382 -0.140 7.41 22619.0 MSCL0_1702150552 0.999707 0.001997 0.998895 0.002059 0.998767 0.002133 0.999187 0.002216 0.999865 0.002306 1.000481 0.002400 
7800.114462 1.7494 2648.3 -1.121 -0.050 7.77 20680.4 MSCL0_1702150553 1.001804 0.002012 1.001849 0.002071 1.002431 0.002143 1.003664 0.002225 1.003856 0.002313 1.004312 0.002405 
7800.115203 1.7417 2664.5 -0.723 0.302 7.57 20958.0 MSCL0_1702150554 1.002461 0.002011 1.003051 0.002072 1.003694 0.002146 1.003625 0.002227 1.002862 0.002313 1.002905 0.002405 
7800.115943 1.7342 2684.3 -1.594 0.329 7.69 21065.6 MSCL0_1702150555 1.008395 0.002024 1.008423 0.002087 1.008147 0.002161 1.008623 0.002245 1.009340 0.002337 1.009350 0.002433 
7800.116684 1.7267 2702.5 -0.939 0.011 8.32 19688.6 MSCL0_1702150556 0.998675 0.002044 1.000044 0.002106 1.000983 0.002180 1.001634 0.002263 1.002898 0.002355 1.003548 0.002451 
7800.117425 1.7192 2704.9 -0.619 0.268 8.56 16537.7 MSCL0_1702150557 0.998243 0.002072 0.999148 0.002123 0.999596 0.002189 1.000493 0.002268 1.001539 0.002354 1.002251 0.002447 
7800.118166 1.7119 2701.8 -1.129 0.253 8.96 15678.6 MSCL0_1702150558 0.995965 0.002091 0.996743 0.002137 0.997699 0.002200 0.998838 0.002275 0.999973 0.002360 1.000856 0.002451 
7800.118918 1.7045 2692.8 -1.225 -0.231 8.14 18093.0 MSCL0_1702150559 1.006638 0.002051 1.006417 0.002104 1.006650 0.002173 1.007671 0.002253 1.007780 0.002341 1.008934 0.002436 
7800.119659 1.6973 2667.3 -0.848 0.306 8.32 18792.9 MSCL0_1702150560 1.002201 0.002019 1.002440 0.002073 1.003196 0.002142 1.003461 0.002220 1.004277 0.002306 1.003389 0.002395 
7800.120388 1.6903 2666.7 -0.893 0.107 9.14 15547.8 MSCL0_1702150561 1.003137 0.002065 1.004046 0.002107 1.004970 0.002167 1.006008 0.002239 1.006054 0.002318 1.005700 0.002404 
7800.121129 1.6832 2664.7 -1.300 0.498 9.56 14882.7 MSCL0_1702150562 1.003427 0.002088 1.004548 0.002125 1.004984 0.002178 1.005135 0.002243 1.005513 0.002319 1.005666 0.002402 
7800.121881 1.6761 2637.1 -1.588 0.489 10.52 13027.3 MSCL0_1702150563 0.999571 0.002115 1.000878 0.002138 1.003038 0.002185 1.002970 0.002242 1.002559 0.002310 1.002085 0.002387 
7800.122633 1.6691 2626.8 -0.840 -0.284 9.73 13846.9 MSCL0_1702150564 1.004254 0.002088 1.003932 0.002113 1.003674 0.002157 1.003789 0.002215 1.004357 0.002285 1.004594 0.002363 
7800.123362 1.6623 2589.4 -0.952 0.181 9.56 14671.0 MSCL0_1702150565 0.997796 0.002011 0.998185 0.002041 0.998576 0.002088 0.999587 0.002149 1.000215 0.002218 0.999880 0.002293 
7800.124103 1.6555 2582.0 -1.171 0.498 9.35 14561.3 MSCL0_1702150566 1.003184 0.002019 1.002463 0.002045 1.002142 0.002091 1.000769 0.002146 1.000274 0.002213 0.999529 0.002286 
7800.124844 1.6488 2574.2 -0.359 -0.327 8.64 17314.3 MSCL0_1702150567 1.001126 0.001949 1.002005 0.001990 1.002930 0.002046 1.003915 0.002114 1.005170 0.002190 1.005008 0.002270 
7800.125573 1.6423 2565.3 -1.329 0.516 8.93 16930.2 MSCL0_1702150568 1.000448 0.001944 1.001530 0.001982 1.001716 0.002034 1.001844 0.002096 1.002159 0.002167 1.001882 0.002243 
7800.126325 1.6356 2561.8 -0.945 -0.242 8.52 17566.0 MSCL0_1702150569 0.999534 0.001920 1.000847 0.001960 1.001759 0.002014 1.002638 0.002079 1.002866 0.002151 1.002304 0.002227 
7800.127066 1.6291 2553.1 -0.003 0.422 9.48 14585.6 MSCL0_1702150570 0.999663 0.002001 1.001702 0.002027 1.003712 0.002072 1.004178 0.002127 1.004868 0.002193 1.005214 0.002266 
7800.127807 1.6226 2557.5 -1.711 0.416 9.49 14371.9 MSCL0_1702150571 0.992673 0.001988 0.994951 0.002015 0.997356 0.002059 0.999364 0.002117 1.000798 0.002183 1.002231 0.002256 
7800.128548 1.6162 2551.4 -1.150 -0.023 9.19 15772.9 MSCL0_1702150572 1.002245 0.001967 1.001920 0.001995 1.002579 0.002040 1.004325 0.002099 1.005023 0.002165 1.005343 0.002238 
7800.129288 1.6099 2546.7 -0.293 0.367 7.17 22069.3 MSCL0_1702150573 1.002727 0.001872 1.002934 0.001921 1.003582 0.001981 1.004326 0.002050 1.004315 0.002125 1.004364 0.002206 
7800.130041 1.6035 2522.6 -1.109 0.293 8.07 18512.2 MSCL0_1702150574 1.003987 0.001907 1.004315 0.001945 1.004448 0.001998 1.004659 0.002060 1.004690 0.002130 1.005770 0.002206 
7800.130781 1.5973 2512.0 -0.911 0.177 7.41 22103.7 MSCL0_1702150575 1.007476 0.001851 1.007409 0.001898 1.007312 0.001956 1.006992 0.002022 1.007499 0.002096 1.007875 0.002175 
7800.131522 1.5911 2501.9 -0.704 0.374 7.61 20619.9 MSCL0_1702150576 0.997295 0.001845 0.998520 0.001888 1.000000 0.001944 1.000487 0.002007 1.000206 0.002076 0.999874 0.002151 
7800.132275 1.5849 2495.2 -1.526 0.183 8.23 18460.3 MSCL0_1702150577 1.005442 0.001876 1.004498 0.001911 1.004119 0.001960 1.004156 0.002020 1.003198 0.002086 1.002720 0.002160 
7800.133005 1.5790 2478.9 -0.925 0.377 7.79 19219.7 MSCL0_1702150578 1.005058 0.001837 1.004147 0.001872 1.003435 0.001921 1.003295 0.001979 1.003716 0.002047 1.004023 0.002120 
7800.133757 1.5729 2475.2 -1.034 0.083 8.66 16844.6 MSCL0_1702150579 0.995754 0.001878 0.997131 0.001906 0.997963 0.001949 1.000039 0.002005 1.001810 0.002069 1.003455 0.002140 
7800.134498 1.5670 2459.6 -0.817 0.150 8.24 20046.3 MSCL0_1702150580 1.002634 0.001822 1.001935 0.001859 1.001705 0.001909 1.002417 0.001970 1.002421 0.002038 1.001669 0.002109 
7800.135238 1.5611 2444.6 -0.458 0.203 7.61 23170.4 MSCL0_1702150581 1.000760 0.001778 1.000272 0.001821 1.000176 0.001876 1.000978 0.001941 1.001120 0.002011 1.000225 0.002084 
7800.135968 1.5554 2428.9 -0.698 0.249 7.04 24082.0 MSCL0_1702150582 1.003108 0.001762 1.001871 0.001805 1.001547 0.001859 1.001528 0.001921 1.001400 0.001990 1.000445 0.002061 
7800.136708 1.5496 2398.8 -0.959 0.488 7.74 22061.4 MSCL0_1702150583 1.002077 0.001758 1.001426 0.001795 1.000918 0.001844 0.999771 0.001899 1.000056 0.001964 1.000337 0.002033 
7800.137449 1.5439 2386.0 -1.218 0.041 9.00 17117.8 MSCL0_1702150584 0.997538 0.001821 0.998230 0.001846 0.999210 0.001884 0.999073 0.001932 0.999776 0.001989 1.000000 0.002051 
7800.138190 1.5382 2375.6 0.349 0.649 8.04 20339.7 MSCL0_1702150585 1.001296 0.001754 1.001442 0.001789 1.001857 0.001837 1.001874 0.001892 1.002742 0.001956 1.002857 0.002024 
7800.138930 1.5327 2354.3 -1.329 0.302 7.66 22789.0 MSCL0_1702150586 1.000909 0.001718 1.000644 0.001755 1.000995 0.001804 1.001017 0.001861 1.000824 0.001923 1.001298 0.001991 
7800.139660 1.5272 2342.3 -0.767 -0.162 8.08 20943.6 MSCL0_1702150587 0.999388 0.001729 1.000000 0.001763 0.999721 0.001807 0.999401 0.001860 0.999760 0.001921 0.999768 0.001986 
7800.140412 1.5216 2328.2 -0.573 0.664 7.22 23912.3 MSCL0_1702150588 1.002862 0.001702 1.002111 0.001740 1.001818 0.001789 1.001762 0.001846 1.002158 0.001909 1.002969 0.001978 
7800.141153 1.5162 2329.2 -1.924 0.000 7.50 22995.7 MSCL0_1702150589 1.001667 0.001696 1.000978 0.001733 1.002175 0.001783 1.002579 0.001839 1.003270 0.001901 1.003529 0.001968 
7800.141905 1.5107 2324.5 -0.730 0.270 6.94 26979.3 MSCL0_1702150590 1.000295 0.001677 1.000227 0.001720 0.999731 0.001772 0.999983 0.001832 0.999896 0.001896 1.000166 0.001965 
7800.142657 1.5053 2318.3 -1.096 0.422 7.04 26235.2 MSCL0_1702150591 1.000575 0.001670 1.000635 0.001713 1.001044 0.001766 1.000460 0.001824 1.000644 0.001888 1.001025 0.001957 
7800.143398 1.5000 2298.6 -0.897 0.440 7.37 25528.8 MSCL0_1702150592 1.003130 0.001666 1.003369 0.001708 1.004413 0.001760 1.005008 0.001819 1.006112 0.001884 1.006873 0.001953 
7800.144139 1.4947 2290.4 -0.580 0.180 6.90 28492.3 MSCL0_1702150593 1.003088 0.001651 1.003465 0.001696 1.003615 0.001750 1.004059 0.001810 1.004346 0.001874 1.003903 0.001941 
7800.144880 1.4896 2292.5 -0.388 -0.004 7.34 24616.4 MSCL0_1702150594 1.000339 0.001660 1.000773 0.001699 1.000700 0.001748 1.000448 0.001803 1.000825 0.001865 1.001609 0.001931 
7800.145620 1.4844 2289.5 -0.832 0.316 7.18 27174.3 MSCL0_1702150595 1.001715 0.001649 1.001958 0.001691 1.001823 0.001742 1.002014 0.001801 1.001872 0.001864 1.001910 0.001931 
7800.146361 1.4793 2280.7 -1.197 0.227 6.86 29114.2 MSCL0_1702150596 1.002159 0.001634 1.002726 0.001678 1.003158 0.001730 1.002766 0.001787 1.002686 0.001849 1.002980 0.001915 
7800.147113 1.4742 2272.4 -0.909 0.655 6.95 29655.6 MSCL0_1702150597 1.001752 0.001623 1.001359 0.001665 1.000703 0.001715 1.000267 0.001771 0.999787 0.001832 0.999481 0.001897 
7800.147854 1.4692 2293.2 -0.784 -0.115 7.17 26895.1 MSCL0_1702150598 1.003019 0.001645 1.003356 0.001688 1.004031 0.001741 1.004646 0.001800 1.005540 0.001865 1.006170 0.001933 
7800.148606 1.4641 2296.8 -0.485 0.508 7.35 26681.0 MSCL0_1702150599 0.999626 0.001647 0.999248 0.001687 0.999091 0.001736 0.998907 0.001793 0.998668 0.001855 0.998890 0.001921 
7800.149347 1.4592 2289.8 -0.818 0.116 7.05 29060.8 MSCL0_1702150600 1.001054 0.001631 1.001161 0.001674 1.001505 0.001726 1.001115 0.001783 1.001292 0.001846 1.001336 0.001913 
7800.150065 1.4545 2282.1 -1.247 0.836 7.01 28419.9 MSCL0_1702150601 1.003242 0.001640 1.003668 0.001685 1.003557 0.001738 1.003229 0.001796 1.004116 0.001861 1.004250 0.001929 
7800.150817 1.4496 2284.7 -0.968 -0.245 6.61 31085.4 MSCL0_1702150602 1.002429 0.001623 1.001686 0.001667 1.001776 0.001720 1.002075 0.001779 1.002507 0.001843 1.002728 0.001910 
7800.151546 1.4449 2279.1 -0.363 0.476 6.52 31610.6 MSCL0_1702150603 1.003253 0.001627 1.003042 0.001673 1.002937 0.001727 1.002937 0.001787 1.002463 0.001850 1.001889 0.001917 
7800.152299 1.4401 2260.4 -1.128 0.232 6.39 32124.7 MSCL0_1702150604 1.004177 0.001609 1.004589 0.001654 1.004651 0.001707 1.004068 0.001764 1.003870 0.001825 1.004070 0.001891 
7800.153028 1.4355 2235.7 -1.309 0.507 6.65 30098.5 MSCL0_1702150605 0.999344 0.001599 0.999936 0.001642 1.000204 0.001693 0.999811 0.001748 0.999201 0.001808 0.998851 0.001872 
7800.153768 1.4309 2232.8 -0.375 0.378 6.77 31104.3 MSCL0_1702150606 1.001321 0.001601 1.000551 0.001645 1.000061 0.001697 0.999888 0.001755 0.999814 0.001818 1.000007 0.001885 
7800.154498 1.4263 2207.9 -0.839 0.089 6.78 33170.5 MSCL0_1702150607 1.003710 0.001583 1.003155 0.001628 1.003089 0.001680 1.003168 0.001739 1.002494 0.001800 1.001155 0.001863 
7800.155238 1.4218 2204.5 -0.846 0.320 6.71 32647.7 MSCL0_1702150608 1.002566 0.001579 1.003227 0.001624 1.003936 0.001677 1.004148 0.001734 1.003597 0.001794 1.003227 0.001858 
7800.155979 1.4173 2206.3 -0.617 0.168 6.67 33721.7 MSCL0_1702150609 1.001246 0.001578 1.000950 0.001621 1.000504 0.001672 1.000746 0.001729 1.000786 0.001790 1.001353 0.001855 
7800.156731 -1.3440 0.0 -0.778 0.453 0.00 0.0 MSCL0_1702150610 0.000000 0.000000 0.000000 0.000000 0.000000 0.000000 0.000000 0.000000 0.000000 0.000000 0.000000 0.000000 
7800.157461 1.4083 2189.2 -1.124 0.224 7.15 32132.0 MSCL0_1702150611 1.003218 0.001576 1.003238 0.001618 1.002955 0.001668 1.002977 0.001724 1.003298 0.001784 1.003759 0.001848 
7800.158201 1.4039 2194.1 -0.595 0.285 7.13 29526.5 MSCL0_1702150612 1.000694 0.001575 1.001025 0.001617 1.001420 0.001667 1.001435 0.001722 1.001494 0.001782 1.001768 0.001846 
7800.158942 1.3996 2196.0 -1.023 0.413 7.33 28823.3 MSCL0_1702150613 0.999528 0.001578 0.999339 0.001618 0.999876 0.001668 1.000135 0.001724 1.001471 0.001785 1.001937 0.001848 
7800.159695 1.3952 2187.5 -0.466 0.056 6.80 32061.3 MSCL0_1702150614 1.001604 0.001563 1.001859 0.001607 1.002116 0.001658 1.001437 0.001713 1.000842 0.001772 1.001462 0.001836 
7800.160436 1.3909 2170.8 -0.982 0.456 6.95 31779.0 MSCL0_1702150615 0.999833 0.001555 0.999855 0.001596 0.999283 0.001644 0.999079 0.001698 0.999556 0.001757 0.999451 0.001819 
7800.161177 1.3867 2173.9 -0.564 0.190 6.53 33682.2 MSCL0_1702150616 1.000341 0.001559 1.000444 0.001602 1.000506 0.001652 1.000569 0.001708 1.000595 0.001768 1.000815 0.001832 
7800.161906 1.3825 2179.0 -0.732 0.528 6.90 31171.7 MSCL0_1702150617 1.000930 0.001561 0.999732 0.001602 0.998926 0.001651 0.998729 0.001705 0.998851 0.001765 0.999452 0.001828 
7800.162658 1.3783 2174.4 -0.634 -0.133 6.65 32785.0 MSCL0_1702150618 0.997090 0.001556 0.997187 0.001598 0.997491 0.001648 0.996555 0.001702 0.996543 0.001761 0.996141 0.001824 
7800.163399 1.3742 2180.5 -0.364 0.698 7.24 30085.0 MSCL0_1702150619 0.997074 0.001559 0.997729 0.001602 0.998318 0.001653 0.998633 0.001708 0.999071 0.001769 0.998613 0.001831 
7800.164140 1.3701 2172.4 -0.897 0.170 7.09 31005.3 MSCL0_1702150620 0.995092 0.001550 0.994954 0.001592 0.995212 0.001642 0.995697 0.001697 0.995937 0.001756 0.996654 0.001819 
7800.164869 1.3661 2157.1 -0.749 0.331 6.86 32582.2 MSCL0_1702150621 0.995787 0.001540 0.995176 0.001581 0.994700 0.001630 0.994389 0.001684 0.994538 0.001743 0.994370 0.001804 
7800.165610 1.3621 2148.4 -0.677 0.161 6.68 32688.4 MSCL0_1702150622 0.993756 0.001540 0.993654 0.001580 0.992669 0.001627 0.992219 0.001680 0.992045 0.001737 0.991773 0.001798 
7800.166362 1.3581 2123.9 -0.625 0.649 6.61 34323.7 MSCL0_1702150623 0.994879 0.001527 0.995238 0.001570 0.995773 0.001620 0.995811 0.001675 0.995653 0.001733 0.995525 0.001794 
7800.167091 1.3542 2120.1 -0.601 0.086 7.07 31704.5 MSCL0_1702150624 0.992465 0.001517 0.992546 0.001558 0.992988 0.001607 0.993248 0.001660 0.993663 0.001718 0.993705 0.001778 
7800.167820 1.3503 2120.9 -0.603 0.290 7.44 27669.7 MSCL0_1702150625 0.989848 0.001527 0.990512 0.001565 0.991414 0.001611 0.991603 0.001663 0.991813 0.001720 0.992089 0.001780 
7800.168584 1.3463 2115.1 -0.434 0.220 7.22 28866.3 MSCL0_1702150626 0.989569 0.001522 0.989351 0.001560 0.989496 0.001606 0.989214 0.001657 0.989372 0.001713 0.989557 0.001773 
7800.169337 1.3424 2119.9 -0.530 0.240 7.02 28873.5 MSCL0_1702150627 0.987676 0.001524 0.988210 0.001562 0.989288 0.001609 0.989515 0.001660 0.989305 0.001716 0.989184 0.001775 
7800.170066 1.3387 2099.3 -0.974 0.074 7.44 27251.3 MSCL0_1702150628 0.989829 0.001518 0.990331 0.001554 0.990739 0.001599 0.989847 0.001647 0.990376 0.001702 0.990980 0.001761 
7800.170818 1.3349 2074.6 -0.658 0.302 7.18 31055.2 MSCL0_1702150629 0.986384 0.001491 0.987271 0.001528 0.988046 0.001572 0.988384 0.001621 0.988554 0.001675 0.989275 0.001732 
7800.171536 1.3313 2058.5 -0.147 0.561 7.18 30562.5 MSCL0_1702150630 0.986314 0.001495 0.987040 0.001532 0.987031 0.001576 0.986219 0.001624 0.986030 0.001678 0.986274 0.001736 
7800.172288 1.3275 2045.8 -0.724 0.052 7.11 30762.9 MSCL0_1702150631 0.983370 0.001477 0.983326 0.001513 0.983823 0.001557 0.983890 0.001605 0.983711 0.001658 0.984240 0.001714 
7800.173029 1.3238 2047.5 -0.811 0.774 6.40 36187.9 MSCL0_1702150632 0.987920 0.001478 0.987517 0.001517 0.987694 0.001562 0.987392 0.001612 0.987036 0.001666 0.986884 0.001723 
7800.173758 1.3203 2045.8 -0.465 -0.321 7.02 31152.3 MSCL0_1702150633 0.985570 0.001482 0.985237 0.001519 0.985303 0.001563 0.984941 0.001612 0.984914 0.001665 0.985004 0.001722 
7800.174499 1.3167 2040.0 -0.837 0.724 7.00 31485.4 MSCL0_1702150634 0.987300 0.001483 0.986976 0.001520 0.986951 0.001564 0.986600 0.001613 0.986845 0.001667 0.986481 0.001723 
7800.175239 1.3131 2028.6 -0.375 -0.093 6.42 36043.0 MSCL0_1702150635 0.986416 0.001465 0.985910 0.001504 0.986153 0.001549 0.985682 0.001599 0.985720 0.001653 0.986061 0.001709 
7800.175980 1.3096 2027.5 -0.590 0.760 6.69 34988.3 MSCL0_1702150636 0.987337 0.001469 0.987759 0.001509 0.988363 0.001555 0.988884 0.001607 0.988850 0.001661 0.989014 0.001718 
7800.176732 1.3060 2012.4 -0.613 -0.403 6.84 32573.9 MSCL0_1702150637 0.986817 0.001458 0.986754 0.001494 0.986592 0.001537 0.986469 0.001585 0.986526 0.001637 0.986966 0.001692 
7800.177473 1.3025 2002.0 -0.593 0.952 7.17 31892.6 MSCL0_1702150638 0.985644 0.001460 0.985292 0.001495 0.985276 0.001537 0.985678 0.001585 0.985871 0.001638 0.985881 0.001692 
7800.178214 1.2991 2002.4 -1.013 0.179 6.87 33408.3 MSCL0_1702150639 0.984595 0.001453 0.984493 0.001489 0.984502 0.001531 0.984022 0.001578 0.983908 0.001629 0.983617 0.001684 
7800.178955 1.2957 2000.2 -0.565 0.440 7.28 28773.4 MSCL0_1702150640 0.981958 0.001459 0.981498 0.001492 0.980993 0.001532 0.980920 0.001579 0.980868 0.001630 0.981078 0.001685 
7800.179707 1.2922 1993.2 -0.404 -0.167 6.81 33822.7 MSCL0_1702150641 0.982203 0.001449 0.981847 0.001484 0.982022 0.001526 0.982086 0.001573 0.981780 0.001625 0.981636 0.001679 
7800.180436 1.2889 1976.8 -0.327 0.438 7.14 30380.8 MSCL0_1702150642 0.983627 0.001450 0.982927 0.001483 0.982118 0.001524 0.981947 0.001571 0.982288 0.001622 0.982045 0.001676 
7800.181177 1.2856 1980.1 -0.558 0.388 6.94 32502.6 MSCL0_1702150643 0.985956 0.001448 0.985875 0.001483 0.985344 0.001524 0.985360 0.001571 0.985345 0.001622 0.984913 0.001675 
7800.181906 1.2824 1971.7 -0.401 0.063 6.93 30279.2 MSCL0_1702150644 0.985350 0.001454 0.984916 0.001487 0.984164 0.001527 0.983720 0.001573 0.983623 0.001623 0.984210 0.001678 
7800.182624 1.2792 1969.7 -0.571 0.751 7.26 29508.8 MSCL0_1702150645 0.982929 0.001450 0.982493 0.001483 0.982412 0.001523 0.982175 0.001569 0.982373 0.001619 0.982231 0.001673 
7800.183353 1.2761 1961.6 -0.598 -0.188 6.88 33268.5 MSCL0_1702150646 0.981885 0.001432 0.982368 0.001468 0.982256 0.001510 0.982254 0.001556 0.982033 0.001607 0.981992 0.001661 
7800.184094 1.2729 1911.9 -0.268 0.235 7.13 33683.0 MSCL0_1702150647 0.981331 0.001413 0.981505 0.001446 0.981243 0.001486 0.980874 0.001531 0.980800 0.001579 0.981174 0.001631 
7800.184834 1.2697 1922.2 -0.978 0.413 7.08 30791.3 MSCL0_1702150648 0.984483 0.001431 0.984704 0.001463 0.984834 0.001502 0.984612 0.001545 0.984620 0.001593 0.984855 0.001645 
7800.185575 1.2665 1921.0 -0.396 0.003 6.67 33774.6 MSCL0_1702150649 0.981642 0.001421 0.981952 0.001455 0.982034 0.001495 0.981774 0.001540 0.981724 0.001589 0.981865 0.001641 
7800.186327 1.2634 1907.9 -0.357 0.682 7.18 31594.5 MSCL0_1702150650 0.984448 0.001423 0.983993 0.001454 0.984141 0.001494 0.983901 0.001538 0.984207 0.001586 0.984195 0.001637 
7800.187069 1.2603 1922.8 -0.352 0.132 6.74 34731.9 MSCL0_1702150651 0.981446 0.001413 0.981043 0.001448 0.980690 0.001489 0.980124 0.001534 0.980275 0.001583 0.980001 0.001635 
7800.187810 1.2572 1922.8 -0.975 0.433 7.20 32504.3 MSCL0_1702150652 0.982091 0.001422 0.982594 0.001456 0.983145 0.001496 0.983568 0.001541 0.984304 0.001592 0.984745 0.001644 
7800.188551 1.2542 1917.6 -0.218 0.143 6.74 38023.7 MSCL0_1702150653 0.980819 0.001409 0.981271 0.001445 0.981115 0.001486 0.980297 0.001530 0.980191 0.001580 0.979821 0.001632 
7800.189303 1.2512 1906.9 -0.445 0.563 6.91 34598.0 MSCL0_1702150654 0.980341 0.001407 0.980527 0.001440 0.980601 0.001481 0.980324 0.001525 0.980350 0.001574 0.980420 0.001626 
7800.190044 1.2482 1902.9 -0.475 0.353 7.13 33833.1 MSCL0_1702150655 0.979386 0.001405 0.980012 0.001438 0.980229 0.001477 0.979908 0.001521 0.979760 0.001568 0.979887 0.001619 
7800.190784 1.2452 1900.4 -0.610 0.122 7.30 30520.7 MSCL0_1702150656 0.980184 0.001411 0.980622 0.001443 0.980944 0.001483 0.981235 0.001528 0.981597 0.001576 0.982004 0.001628 
7800.191525 1.2423 1892.9 -0.566 -0.086 7.32 31437.5 MSCL0_1702150657 0.974676 0.001399 0.974985 0.001431 0.975679 0.001470 0.975414 0.001513 0.974672 0.001560 0.974861 0.001610 
7800.192254 1.2395 1880.7 -0.543 0.606 7.48 30192.5 MSCL0_1702150658 0.979482 0.001401 0.979134 0.001432 0.978925 0.001470 0.978930 0.001513 0.979122 0.001560 0.979557 0.001611 
7800.192995 1.2366 1881.0 -0.483 -0.105 6.72 36314.0 MSCL0_1702150659 0.980801 0.001399 0.980579 0.001433 0.979747 0.001472 0.979035 0.001516 0.978341 0.001563 0.978066 0.001614 
7800.193736 1.2337 1879.1 -0.487 0.704 7.25 30036.4 MSCL0_1702150660 0.981557 0.001411 0.981165 0.001440 0.981246 0.001478 0.981047 0.001521 0.980973 0.001568 0.981089 0.001619 
7800.194476 1.2309 1876.6 -0.446 -0.014 6.62 35972.4 MSCL0_1702150661 0.980535 0.001391 0.980517 0.001424 0.980288 0.001463 0.979924 0.001506 0.979950 0.001554 0.979793 0.001604 
7800.195217 1.2281 1877.6 -0.513 0.283 6.34 37929.7 MSCL0_1702150662 0.982429 0.001393 0.982250 0.001426 0.982231 0.001466 0.982559 0.001511 0.982921 0.001559 0.982535 0.001610 
7800.195958 1.2254 1873.3 -0.483 -0.032 6.60 38276.3 MSCL0_1702150663 0.979150 0.001389 0.979434 0.001423 0.979613 0.001463 0.979531 0.001507 0.979866 0.001556 0.979359 0.001607 
7800.196710 1.2226 1860.7 -0.110 0.718 7.08 35057.3 MSCL0_1702150664 0.977750 0.001388 0.977997 0.001422 0.977535 0.001461 0.977370 0.001505 0.976928 0.001552 0.976212 0.001603 
7800.197451 1.2199 1854.3 -0.716 0.047 6.39 40298.6 MSCL0_1702150665 0.980919 0.001380 0.980146 0.001413 0.980090 0.001453 0.979981 0.001496 0.979831 0.001543 0.979243 0.001593 
7800.198192 1.2172 1847.9 -0.467 0.497 6.69 37132.6 MSCL0_1702150666 0.980209 0.001383 0.980151 0.001415 0.979769 0.001454 0.979772 0.001497 0.979396 0.001543 0.979417 0.001593 
7800.198921 1.2146 1855.2 -0.014 -0.053 6.87 36393.0 MSCL0_1702150667 0.980784 0.001377 0.979602 0.001410 0.979550 0.001450 0.979999 0.001495 0.980433 0.001543 0.980929 0.001594 
7800.199662 1.2119 1852.2 -0.411 0.314 6.76 34998.2 MSCL0_1702150668 0.978839 0.001383 0.978610 0.001416 0.978540 0.001456 0.978326 0.001500 0.978407 0.001548 0.978408 0.001599 
7800.200402 1.2093 1851.6 -0.726 0.109 6.66 37474.5 MSCL0_1702150669 0.982312 0.001378 0.982123 0.001412 0.981828 0.001450 0.981497 0.001493 0.981648 0.001540 0.981580 0.001590 
7800.201155 1.2067 1850.0 -0.207 0.483 6.73 35080.0 MSCL0_1702150670 0.979400 0.001377 0.980239 0.001409 0.980164 0.001447 0.979887 0.001489 0.979920 0.001536 0.980063 0.001585 
7800.201895 1.2041 1832.5 -0.381 0.085 6.55 38893.1 MSCL0_1702150671 0.977980 0.001371 0.978129 0.001404 0.978320 0.001444 0.978165 0.001487 0.978034 0.001534 0.978057 0.001584 
7800.202625 1.2016 1832.3 -0.347 0.480 6.74 35965.8 MSCL0_1702150672 0.979628 0.001373 0.979256 0.001405 0.979068 0.001443 0.979316 0.001486 0.979134 0.001532 0.978846 0.001580 
7800.203365 1.1991 1825.4 -0.249 -0.270 6.90 34056.7 MSCL0_1702150673 0.977683 0.001368 0.978280 0.001400 0.978261 0.001437 0.978586 0.001480 0.978484 0.001525 0.978467 0.001573 
7800.204118 1.1966 1813.5 -0.255 0.640 6.49 37381.4 MSCL0_1702150674 0.979760 0.001365 0.979747 0.001397 0.979736 0.001434 0.979346 0.001476 0.979125 0.001521 0.979196 0.001570 
7800.204858 1.1941 1811.2 -0.496 0.075 7.30 32462.3 MSCL0_1702150675 0.978786 0.001374 0.978913 0.001404 0.979035 0.001441 0.979064 0.001482 0.978800 0.001527 0.978261 0.001575 
7800.205588 1.1917 1806.5 -0.580 -0.167 7.01 34015.2 MSCL0_1702150676 0.978762 0.001366 0.978868 0.001395 0.978978 0.001432 0.978533 0.001472 0.978751 0.001517 0.978641 0.001565 
7800.206328 1.1893 1804.1 -0.132 0.544 6.46 38057.5 MSCL0_1702150677 0.978500 0.001359 0.978868 0.001392 0.978906 0.001431 0.979072 0.001474 0.978600 0.001520 0.978131 0.001569 
7800.207069 1.1869 1802.4 -1.569 0.509 7.33 32399.9 MSCL0_1702150678 0.975327 0.001359 0.975730 0.001390 0.976224 0.001427 0.976605 0.001469 0.976698 0.001514 0.977250 0.001563 
7800.207798 1.1845 1801.7 -0.268 -0.050 6.92 33817.0 MSCL0_1702150679 0.980477 0.001363 0.980600 0.001395 0.981366 0.001433 0.981699 0.001475 0.982461 0.001522 0.982473 0.001571 
7800.208551 1.1821 1786.1 -0.526 0.637 7.28 32097.5 MSCL0_1702150680 0.978890 0.001356 0.978789 0.001386 0.978533 0.001422 0.978349 0.001463 0.978182 0.001508 0.978179 0.001555 
7800.209291 1.1798 1777.8 -0.136 -0.349 7.51 32191.6 MSCL0_1702150681 0.975427 0.001349 0.975798 0.001378 0.975659 0.001413 0.975303 0.001453 0.974967 0.001496 0.974849 0.001542 
7800.210044 1.1774 1771.3 -0.246 0.519 7.38 31616.4 MSCL0_1702150682 0.977457 0.001356 0.977558 0.001383 0.977452 0.001417 0.977578 0.001456 0.977848 0.001500 0.977848 0.001546 
7800.210784 1.1752 1781.5 -0.316 -0.148 7.25 36466.9 MSCL0_1702150683 0.975879 0.001347 0.975775 0.001379 0.975670 0.001417 0.975782 0.001459 0.976037 0.001505 0.976066 0.001553 
7800.211537 1.1728 1760.4 -0.363 0.532 6.79 37627.3 MSCL0_1702150684 0.976154 0.001339 0.975886 0.001368 0.976001 0.001404 0.976085 0.001444 0.975996 0.001487 0.976007 0.001534 
7800.212277 1.1706 1752.6 -0.084 0.336 6.89 37432.8 MSCL0_1702150685 0.979192 0.001343 0.979646 0.001373 0.979824 0.001410 0.979924 0.001450 0.979586 0.001493 0.979807 0.001540 
7800.213018 1.1684 1748.4 -0.370 0.174 7.09 37150.9 MSCL0_1702150686 0.976192 0.001337 0.976445 0.001366 0.976354 0.001402 0.975596 0.001441 0.975413 0.001484 0.975529 0.001530 
7800.213759 1.1662 1740.3 0.009 -0.122 6.65 37648.0 MSCL0_1702150687 0.976939 0.001339 0.977046 0.001369 0.977408 0.001405 0.977292 0.001445 0.977619 0.001489 0.977699 0.001535 
7800.214488 1.1640 1749.2 -0.657 0.129 6.98 33144.2 MSCL0_1702150688 0.972978 0.001341 0.973080 0.001368 0.973319 0.001403 0.972839 0.001441 0.972859 0.001484 0.972792 0.001529 
7800.215241 1.1618 1753.9 -0.089 0.468 7.52 31859.7 MSCL0_1702150689 0.977319 0.001348 0.977426 0.001377 0.977859 0.001413 0.977415 0.001452 0.977136 0.001496 0.977407 0.001543 
7800.215994 1.1597 1750.8 -0.361 -0.255 7.90 27733.4 MSCL0_1702150690 0.974259 0.001360 0.975157 0.001384 0.974921 0.001415 0.974513 0.001452 0.974241 0.001493 0.973741 0.001537 
7800.216734 1.1575 1747.7 -0.169 0.530 6.62 36846.0 MSCL0_1702150691 0.976892 0.001342 0.977206 0.001372 0.977662 0.001407 0.978472 0.001448 0.978349 0.001491 0.978254 0.001537 
7800.217452 1.1555 1754.4 -0.185 0.122 6.89 36842.5 MSCL0_1702150692 0.979307 0.001348 0.979089 0.001378 0.979209 0.001415 0.979181 0.001456 0.979293 0.001501 0.979566 0.001549 
7800.218204 1.1534 1754.8 -0.259 0.661 6.97 34422.1 MSCL0_1702150693 0.977771 0.001350 0.977027 0.001378 0.976877 0.001414 0.977149 0.001456 0.977246 0.001500 0.977239 0.001548 
7800.218945 1.1514 1754.8 -0.308 -0.626 6.54 36306.8 MSCL0_1702150694 0.975304 0.001343 0.975989 0.001372 0.976756 0.001408 0.976803 0.001448 0.976879 0.001491 0.977066 0.001538 
7800.219686 1.1493 1750.5 -0.455 0.602 6.79 37064.7 MSCL0_1702150695 0.977650 0.001339 0.978006 0.001371 0.977639 0.001408 0.977404 0.001449 0.977198 0.001493 0.976892 0.001540 
7800.220427 1.1473 1753.6 -0.022 -0.032 7.09 36826.2 MSCL0_1702150696 0.977149 0.001339 0.977755 0.001370 0.978634 0.001408 0.979147 0.001449 0.979448 0.001494 0.979601 0.001542 
7800.221167 1.1453 1749.5 -0.204 0.196 6.65 40069.6 MSCL0_1702150697 0.979506 0.001334 0.979076 0.001366 0.978632 0.001403 0.978267 0.001444 0.977650 0.001489 0.977394 0.001535 
7800.221908 1.1433 1742.7 -0.692 0.038 7.07 36180.4 MSCL0_1702150698 0.976463 0.001330 0.976082 0.001362 0.975713 0.001399 0.975338 0.001440 0.975167 0.001484 0.975033 0.001531 
7800.222637 1.1414 1738.6 0.439 -0.073 6.88 37652.8 MSCL0_1702150699 0.976443 0.001334 0.976347 0.001366 0.976007 0.001403 0.976424 0.001445 0.976478 0.001490 0.976157 0.001537 
7800.223390 1.1394 1740.6 -0.055 0.619 6.82 38281.9 MSCL0_1702150700 0.976973 0.001338 0.976834 0.001369 0.976678 0.001405 0.976683 0.001446 0.976756 0.001491 0.976596 0.001537 
7800.224130 1.1375 1743.0 0.000 -0.507 6.40 42044.4 MSCL0_1702150701 0.978863 0.001330 0.978947 0.001363 0.978586 0.001400 0.978117 0.001441 0.977450 0.001485 0.976743 0.001531 
7800.224859 1.1357 1744.3 -0.283 0.801 6.49 42313.3 MSCL0_1702150702 0.978982 0.001338 0.978665 0.001370 0.978725 0.001408 0.978869 0.001450 0.978813 0.001496 0.978484 0.001544 
7800.225589 1.1338 1748.7 -0.020 -0.325 6.31 42779.4 MSCL0_1702150703 0.981446 0.001333 0.980767 0.001364 0.980289 0.001401 0.980787 0.001443 0.981319 0.001488 0.981441 0.001535 
7800.226341 1.1319 1745.8 -0.231 0.356 6.20 43395.1 MSCL0_1702150704 0.978680 0.001331 0.978369 0.001364 0.977995 0.001401 0.977694 0.001443 0.977577 0.001487 0.977681 0.001534 
7800.227082 1.1301 1734.0 -0.448 0.086 6.64 40815.5 MSCL0_1702150705 0.979508 0.001332 0.979058 0.001364 0.978788 0.001401 0.979258 0.001443 0.979304 0.001488 0.979400 0.001536 
7800.227822 1.1283 1732.3 0.155 0.462 6.94 40588.2 MSCL0_1702150706 0.979723 0.001334 0.979857 0.001366 0.979869 0.001403 0.979990 0.001444 0.979963 0.001488 0.979990 0.001535 
7800.228563 1.1265 1728.5 -0.673 -0.269 7.39 38867.6 MSCL0_1702150707 0.977527 0.001328 0.977552 0.001359 0.977783 0.001396 0.978018 0.001437 0.977869 0.001481 0.978032 0.001528 
7800.229315 1.1246 1720.0 0.249 -0.166 6.70 40342.0 MSCL0_1702150708 0.975927 0.001329 0.975763 0.001359 0.976287 0.001396 0.976947 0.001437 0.977186 0.001481 0.977113 0.001527 
7800.230056 1.1229 1717.2 -0.726 0.415 7.03 38015.7 MSCL0_1702150709 0.976030 0.001327 0.975934 0.001356 0.976149 0.001392 0.975740 0.001431 0.975844 0.001475 0.976160 0.001522 
7800.230808 1.1211 1710.7 0.056 0.045 7.43 32958.6 MSCL0_1702150710 0.974765 0.001324 0.975171 0.001352 0.974886 0.001386 0.974630 0.001424 0.974616 0.001467 0.974807 0.001512 
7800.231549 1.1194 1718.0 0.368 0.155 7.76 33670.7 MSCL0_1702150711 0.977813 0.001337 0.977905 0.001364 0.978080 0.001399 0.977657 0.001438 0.977756 0.001481 0.977927 0.001527 
7800.232278 1.1177 1710.2 -0.013 0.608 7.28 38419.0 MSCL0_1702150712 0.975919 0.001325 0.976315 0.001355 0.976596 0.001391 0.976508 0.001431 0.976190 0.001474 0.976467 0.001521 
7800.233019 1.1160 1710.5 -0.103 -0.074 7.98 31059.5 MSCL0_1702150713 0.975642 0.001323 0.976078 0.001352 0.976526 0.001388 0.976791 0.001428 0.977147 0.001472 0.977275 0.001519 
7800.233748 1.1144 1710.0 0.083 0.470 6.89 40777.6 MSCL0_1702150714 0.978210 0.001319 0.978070 0.001349 0.978414 0.001386 0.978216 0.001425 0.977913 0.001467 0.978054 0.001514 
7800.234489 1.1127 1710.8 0.118 -0.118 6.39 44326.2 MSCL0_1702150715 0.978007 0.001320 0.977543 0.001351 0.977426 0.001389 0.977324 0.001430 0.976994 0.001474 0.977393 0.001521 
7800.235230 1.1111 1703.9 -0.295 0.364 7.26 35532.8 MSCL0_1702150716 0.980000 0.001322 0.980407 0.001353 0.980280 0.001390 0.980144 0.001430 0.980086 0.001474 0.980430 0.001521 
7800.235971 1.1095 1700.7 -0.079 0.320 6.88 40525.4 MSCL0_1702150717 0.977967 0.001319 0.978113 0.001351 0.978325 0.001388 0.977923 0.001429 0.977702 0.001473 0.977640 0.001519 
7800.236723 1.1078 1694.7 0.164 -0.151 6.96 37907.9 MSCL0_1702150718 0.976429 0.001314 0.976614 0.001345 0.976338 0.001380 0.976067 0.001420 0.975957 0.001463 0.975644 0.001509 
7800.237452 1.1063 1689.7 0.263 0.654 6.94 42175.5 MSCL0_1702150719 0.979517 0.001312 0.979453 0.001342 0.979531 0.001377 0.979607 0.001417 0.979466 0.001460 0.979583 0.001505 
7800.238193 1.1047 1692.2 -0.445 0.095 7.06 37227.9 MSCL0_1702150720 0.979770 0.001317 0.979381 0.001347 0.979051 0.001382 0.979105 0.001423 0.978648 0.001465 0.978414 0.001511 
7800.238922 1.1032 1687.6 0.350 0.026 7.02 39660.8 MSCL0_1702150721 0.977408 0.001315 0.977707 0.001346 0.977627 0.001381 0.978052 0.001421 0.978425 0.001465 0.978736 0.001512 
7800.239651 1.1017 1677.5 0.074 0.432 7.35 38013.4 MSCL0_1702150722 0.975391 0.001305 0.975384 0.001334 0.975699 0.001370 0.975765 0.001409 0.975697 0.001451 0.975341 0.001495 
7800.240380 1.1002 1681.8 0.072 -0.186 6.70 45254.5 MSCL0_1702150723 0.980148 0.001309 0.980079 0.001340 0.980097 0.001376 0.980143 0.001417 0.980300 0.001460 0.980141 0.001506 
7800.241133 1.0987 1677.9 -0.104 0.483 6.80 42923.6 MSCL0_1702150724 0.978739 0.001309 0.978888 0.001340 0.978858 0.001376 0.978035 0.001416 0.977660 0.001458 0.977426 0.001504 
7800.241885 1.0972 1680.5 0.348 0.457 7.77 34652.1 MSCL0_1702150725 0.980483 0.001314 0.980772 0.001343 0.981222 0.001379 0.981336 0.001418 0.981150 0.001461 0.981398 0.001507 
7800.242627 1.0957 1680.1 -0.206 -0.160 6.76 40226.2 MSCL0_1702150726 0.978607 0.001312 0.978517 0.001342 0.978746 0.001377 0.979170 0.001417 0.978956 0.001460 0.978860 0.001505 
7800.243367 1.0943 1679.3 -0.223 0.229 7.31 40620.0 MSCL0_1702150727 0.978496 0.001313 0.978508 0.001344 0.978704 0.001380 0.978958 0.001421 0.979118 0.001464 0.978853 0.001510 
7800.244131 1.0928 1676.6 0.011 -0.124 6.84 44358.7 MSCL0_1702150728 0.979596 0.001308 0.979704 0.001340 0.980172 0.001377 0.980325 0.001418 0.980102 0.001460 0.980183 0.001506 
7800.244872 1.0914 1674.6 0.033 0.616 7.23 40981.1 MSCL0_1702150729 0.980403 0.001311 0.980434 0.001343 0.980160 0.001379 0.980232 0.001420 0.980451 0.001464 0.980358 0.001510 
7800.245624 1.0899 1659.7 -0.157 -0.213 7.59 37688.3 MSCL0_1702150730 0.978737 0.001304 0.978758 0.001334 0.978826 0.001370 0.979194 0.001411 0.979718 0.001455 0.980025 0.001501 
7800.246365 1.0886 1662.9 0.322 0.046 7.32 40484.8 MSCL0_1702150731 0.978243 0.001303 0.977870 0.001334 0.977537 0.001369 0.977422 0.001409 0.977257 0.001452 0.977144 0.001497 
7800.247094 1.0872 1662.2 -0.049 0.535 7.17 41153.6 MSCL0_1702150732 0.980305 0.001308 0.979680 0.001337 0.979286 0.001372 0.979108 0.001412 0.979316 0.001455 0.979787 0.001501 
7800.247835 1.0859 1658.6 -0.087 0.287 7.75 38343.3 MSCL0_1702150733 0.978426 0.001301 0.978326 0.001331 0.977972 0.001366 0.978018 0.001405 0.978126 0.001447 0.978052 0.001492 
7800.248564 1.0846 1653.8 0.306 0.144 7.31 37807.9 MSCL0_1702150734 0.979837 0.001305 0.979752 0.001335 0.979974 0.001371 0.979820 0.001410 0.980086 0.001452 0.980144 0.001497 
7800.249305 1.0833 1648.8 0.036 0.118 7.20 39323.8 MSCL0_1702150735 0.980560 0.001307 0.980156 0.001336 0.980043 0.001372 0.979662 0.001411 0.979606 0.001454 0.979717 0.001500 
7800.250046 1.0820 1647.9 -0.342 0.125 7.67 40026.6 MSCL0_1702150736 0.980244 0.001299 0.979578 0.001328 0.979474 0.001364 0.979847 0.001403 0.979805 0.001445 0.979232 0.001489 
7800.250786 1.0807 1656.1 0.017 0.075 7.22 42357.8 MSCL0_1702150737 0.981878 0.001305 0.981776 0.001336 0.981284 0.001371 0.980578 0.001410 0.980170 0.001453 0.980352 0.001499 
7800.251516 1.0794 1659.6 -0.433 0.526 6.86 40795.0 MSCL0_1702150738 0.980657 0.001308 0.980581 0.001338 0.981048 0.001375 0.981163 0.001416 0.981016 0.001459 0.980468 0.001504 
7800.252245 1.0782 1658.6 0.057 0.056 7.53 35479.0 MSCL0_1702150739 0.982355 0.001312 0.982188 0.001342 0.982020 0.001378 0.981846 0.001418 0.981382 0.001461 0.981049 0.001506 
7800.252985 1.0770 1653.8 0.128 0.120 7.59 34625.0 MSCL0_1702150740 0.980580 0.001307 0.981008 0.001336 0.981396 0.001372 0.981142 0.001410 0.981273 0.001453 0.981268 0.001498 
7800.253738 1.0757 1649.2 0.124 0.878 7.13 37914.7 MSCL0_1702150741 0.981883 0.001307 0.981751 0.001336 0.981307 0.001371 0.981361 0.001411 0.981434 0.001453 0.981301 0.001498 
7800.254478 1.0745 1647.3 0.282 -0.423 7.61 35746.7 MSCL0_1702150742 0.980071 0.001306 0.979975 0.001336 0.980291 0.001371 0.980444 0.001411 0.981081 0.001455 0.981471 0.001500 
7800.255219 1.0733 1633.6 0.104 0.204 7.39 37954.6 MSCL0_1702150743 0.982549 0.001305 0.982532 0.001335 0.982253 0.001370 0.982336 0.001409 0.982417 0.001452 0.982275 0.001497 
7800.255960 1.0722 1632.7 0.103 0.274 7.08 40813.2 MSCL0_1702150744 0.984098 0.001304 0.984061 0.001335 0.984275 0.001371 0.984114 0.001411 0.983956 0.001454 0.983891 0.001500 
7800.256701 1.0710 1629.3 -0.099 0.082 7.29 42132.1 MSCL0_1702150745 0.981436 0.001297 0.981553 0.001327 0.981867 0.001363 0.982118 0.001403 0.981842 0.001445 0.981708 0.001490 
7800.257453 1.0699 1624.6 0.169 0.330 7.16 38625.6 MSCL0_1702150746 0.981849 0.001300 0.981580 0.001330 0.981454 0.001365 0.980887 0.001403 0.980645 0.001445 0.980308 0.001489 
7800.258194 1.0687 1614.7 0.269 0.029 7.17 38804.7 MSCL0_1702150747 0.981834 0.001293 0.981173 0.001323 0.980944 0.001357 0.980976 0.001396 0.981040 0.001438 0.981549 0.001483 
7800.258923 1.0676 1607.0 0.333 -0.064 6.75 38787.9 MSCL0_1702150748 0.980821 0.001291 0.981111 0.001320 0.981427 0.001354 0.981319 0.001392 0.981566 0.001434 0.981935 0.001478 
7800.259664 1.0665 1605.7 0.221 0.113 7.25 41258.4 MSCL0_1702150749 0.984194 0.001293 0.984460 0.001322 0.984218 0.001356 0.984082 0.001394 0.984774 0.001436 0.984991 0.001480 
7800.260416 1.0654 1607.4 0.103 -0.004 6.86 43937.9 MSCL0_1702150750 0.983867 0.001293 0.983971 0.001323 0.984087 0.001358 0.984191 0.001397 0.984146 0.001439 0.984188 0.001483 
7800.261157 1.0644 1601.2 0.038 0.072 6.96 45026.8 MSCL0_1702150751 0.984775 0.001292 0.985075 0.001323 0.984917 0.001358 0.984897 0.001398 0.985114 0.001440 0.984640 0.001484 
7800.261886 1.0633 1596.2 0.053 -0.064 6.94 44052.7 MSCL0_1702150752 0.985729 0.001291 0.986062 0.001321 0.985771 0.001356 0.985462 0.001394 0.985333 0.001436 0.985589 0.001480 
7800.262638 1.0623 1598.0 0.225 -0.356 7.46 40840.7 MSCL0_1702150753 0.984824 0.001293 0.984725 0.001323 0.984752 0.001358 0.984764 0.001397 0.985127 0.001439 0.985249 0.001483 
7800.263379 1.0613 1594.6 0.254 0.089 7.16 43059.2 MSCL0_1702150754 0.983956 0.001291 0.983772 0.001320 0.983891 0.001355 0.983861 0.001394 0.983432 0.001435 0.984086 0.001480 
7800.264120 1.0603 1595.0 -0.118 -0.359 7.40 39195.9 MSCL0_1702150755 0.984188 0.001294 0.983755 0.001324 0.983469 0.001359 0.983250 0.001398 0.982826 0.001439 0.982806 0.001484 
7800.264860 1.0593 1590.9 0.118 0.216 7.36 40829.0 MSCL0_1702150756 0.985486 0.001288 0.985556 0.001318 0.985619 0.001353 0.985836 0.001391 0.985789 0.001432 0.985777 0.001476 
7800.265601 1.0583 1589.5 0.136 -0.320 7.22 42170.9 MSCL0_1702150757 0.983974 0.001287 0.983486 0.001317 0.983511 0.001352 0.983276 0.001391 0.983234 0.001432 0.983169 0.001476 
7800.266342 1.0573 1586.5 -0.004 -0.260 7.38 40874.7 MSCL0_1702150758 0.985765 0.001290 0.985499 0.001320 0.985605 0.001355 0.985322 0.001394 0.985373 0.001435 0.985372 0.001479 
7800.267094 1.0564 1583.9 0.418 0.063 7.38 45350.7 MSCL0_1702150759 0.985350 0.001290 0.985045 0.001321 0.984517 0.001356 0.984228 0.001395 0.984178 0.001438 0.983778 0.001482 
7800.267835 1.0555 1578.0 0.358 -0.398 6.84 46654.6 MSCL0_1702150760 0.988240 0.001289 0.988037 0.001319 0.988074 0.001355 0.987654 0.001393 0.987481 0.001435 0.987962 0.001479 
7800.268564 1.0546 1573.1 0.030 -0.203 7.80 40821.6 MSCL0_1702150761 0.986357 0.001287 0.986708 0.001316 0.986890 0.001351 0.986567 0.001389 0.986466 0.001430 0.986258 0.001474 
7800.269305 1.0537 1571.3 0.242 0.324 7.26 44110.5 MSCL0_1702150762 0.987479 0.001287 0.987008 0.001317 0.986972 0.001352 0.986884 0.001391 0.986465 0.001432 0.985896 0.001475 
7800.270047 1.0528 1563.6 0.223 0.056 7.22 43521.9 MSCL0_1702150763 0.988818 0.001283 0.988856 0.001314 0.988678 0.001349 0.988308 0.001387 0.988373 0.001428 0.988364 0.001471 
7800.270799 1.0519 1567.0 0.163 -0.261 8.06 37859.4 MSCL0_1702150764 0.989812 0.001292 0.989461 0.001319 0.988784 0.001352 0.988343 0.001388 0.988513 0.001429 0.988700 0.001472 
7800.271528 1.0510 1565.5 0.282 -0.051 7.52 43611.7 MSCL0_1702150765 0.990037 0.001287 0.989949 0.001317 0.989750 0.001351 0.989917 0.001390 0.989754 0.001431 0.989783 0.001474 
7800.272269 1.0502 1572.3 0.276 0.220 7.36 42718.7 MSCL0_1702150766 0.993690 0.001293 0.992785 0.001323 0.992265 0.001357 0.991952 0.001396 0.991744 0.001437 0.991251 0.001480 
7800.273010 1.0494 1566.1 0.161 -0.203 7.50 41819.6 MSCL0_1702150767 0.990753 0.001288 0.990535 0.001317 0.990315 0.001351 0.990406 0.001389 0.990587 0.001430 0.990240 0.001472 
7800.273762 1.0485 1562.0 0.142 0.270 7.52 42710.4 MSCL0_1702150768 0.993598 0.001290 0.993228 0.001319 0.993228 0.001353 0.993082 0.001391 0.992514 0.001431 0.992520 0.001474 
7800.274503 1.0477 1559.4 -0.073 -0.396 7.74 36941.8 MSCL0_1702150769 0.994123 0.001296 0.993969 0.001324 0.993534 0.001357 0.993555 0.001395 0.993818 0.001435 0.993907 0.001479 
7800.275243 1.0469 1557.0 0.269 0.072 7.31 42660.1 MSCL0_1702150770 0.996016 0.001297 0.995198 0.001326 0.994897 0.001360 0.994210 0.001398 0.993408 0.001438 0.992923 0.001481 
7800.275984 1.0462 1555.5 0.197 -0.269 7.41 38385.3 MSCL0_1702150771 0.995873 0.001298 0.995914 0.001328 0.995616 0.001362 0.995572 0.001400 0.995491 0.001441 0.995421 0.001485 
7800.276725 1.0454 1551.2 0.370 -0.091 7.40 41373.7 MSCL0_1702150772 0.996956 0.001296 0.996701 0.001325 0.996663 0.001360 0.996987 0.001399 0.997077 0.001440 0.996449 0.001483 
7800.277454 1.0447 1550.3 0.127 0.358 7.47 42196.5 MSCL0_1702150773 1.000410 0.001300 1.000293 0.001330 0.999779 0.001364 0.999161 0.001401 0.999274 0.001442 0.999208 0.001485 
7800.278183 1.0439 1543.5 0.170 -0.610 7.13 40270.7 MSCL0_1702150774 0.999843 0.001297 0.999344 0.001326 0.999120 0.001359 0.998847 0.001397 0.999252 0.001437 0.998911 0.001480 
7800.278935 1.0432 1549.1 0.602 0.113 6.91 45198.1 MSCL0_1702150775 0.997138 0.001293 0.996805 0.001322 0.996597 0.001356 0.996234 0.001393 0.995958 0.001434 0.995988 0.001477 
7800.279676 1.0425 1548.4 0.195 0.173 7.49 38290.1 MSCL0_1702150776 1.000000 0.001302 0.999668 0.001331 0.999681 0.001365 0.999577 0.001403 0.999544 0.001445 0.999767 0.001488 
7800.280417 1.0418 1547.3 0.415 -0.358 7.24 39558.5 MSCL0_1702150777 1.001179 0.001298 1.001001 0.001328 1.000874 0.001362 1.000809 0.001400 1.000587 0.001440 1.000869 0.001484 
7800.281169 1.0411 1554.2 0.261 -0.149 7.28 40273.2 MSCL0_1702150778 1.002571 0.001303 1.001873 0.001331 1.001448 0.001365 1.000977 0.001402 1.001131 0.001443 1.000835 0.001486 
7800.281910 1.0405 1556.3 0.494 0.088 7.73 36598.1 MSCL0_1702150779 1.001352 0.001306 1.000884 0.001335 1.000795 0.001369 1.000184 0.001406 0.999929 0.001446 1.000008 0.001490 
7800.282662 1.0398 1561.5 0.669 -0.745 7.63 39603.2 MSCL0_1702150780 1.002582 0.001304 1.002426 0.001332 1.001968 0.001365 1.001722 0.001403 1.001692 0.001443 1.001481 0.001486 
7800.283403 1.0392 1559.4 0.541 0.301 7.17 39967.8 MSCL0_1702150781 1.002281 0.001306 1.002517 0.001336 1.002376 0.001371 1.002255 0.001409 1.002458 0.001451 1.002192 0.001495 
7800.284155 1.0386 1568.8 0.487 -0.697 7.37 36903.1 MSCL0_1702150782 1.002218 0.001313 1.001905 0.001343 1.001882 0.001378 1.001891 0.001417 1.001512 0.001459 1.001396 0.001503 
7800.284885 1.0380 1571.5 0.633 0.308 7.97 37492.5 MSCL0_1702150783 0.999098 0.001310 0.998981 0.001339 0.999307 0.001374 0.999413 0.001413 0.999118 0.001454 0.998940 0.001498 
7800.285625 1.0374 1571.5 0.740 -0.450 7.68 38180.3 MSCL0_1702150784 1.001071 0.001312 1.000815 0.001342 1.000954 0.001377 1.000783 0.001416 1.000813 0.001458 1.000497 0.001502 
7800.286378 1.0368 1567.9 0.814 -0.229 7.52 38075.9 MSCL0_1702150785 1.003265 0.001313 1.002571 0.001343 1.002235 0.001378 1.001829 0.001417 1.001641 0.001459 1.001652 0.001504 
7800.287118 1.0362 1566.8 0.738 -0.142 7.52 39694.3 MSCL0_1702150786 1.002396 0.001309 1.002051 0.001338 1.002129 0.001373 1.002325 0.001411 1.002568 0.001453 1.002679 0.001497 
7800.287871 1.0356 1566.3 0.742 -0.266 7.06 40309.5 MSCL0_1702150787 1.001831 0.001309 1.001395 0.001338 1.001212 0.001373 1.001076 0.001411 1.000841 0.001452 1.000726 0.001497 
7800.288611 1.0351 1563.5 0.708 -0.519 7.34 38958.9 MSCL0_1702150788 0.999814 0.001309 0.998909 0.001338 0.998946 0.001373 0.999005 0.001412 0.998942 0.001453 0.999220 0.001498 
7800.289352 1.0346 1549.7 0.866 0.098 7.25 40968.2 MSCL0_1702150789 1.001240 0.001306 1.000427 0.001334 1.000500 0.001368 1.001183 0.001406 1.001113 0.001447 1.001085 0.001490 
7800.290093 1.0341 1545.7 0.599 -0.312 7.40 39636.6 MSCL0_1702150790 1.002380 0.001310 1.001661 0.001338 1.001676 0.001372 1.002146 0.001411 1.002582 0.001452 1.002820 0.001496 
7800.290822 1.0336 1550.8 0.844 -0.220 7.50 37148.4 MSCL0_1702150791 1.001697 0.001311 1.001675 0.001340 1.002371 0.001375 1.002340 0.001413 1.002000 0.001454 1.001762 0.001498 
7800.291563 1.0331 1545.6 0.919 -0.100 7.47 34415.5 MSCL0_1702150792 1.002459 0.001325 1.001878 0.001350 1.001580 0.001381 1.001659 0.001418 1.002059 0.001458 1.001646 0.001501 
7800.292315 1.0326 1541.7 0.980 -0.220 7.26 35947.4 MSCL0_1702150793 1.003050 0.001321 1.002524 0.001347 1.002471 0.001380 1.002582 0.001418 1.002561 0.001458 1.003117 0.001502 
7800.293056 1.0321 1535.7 0.529 -0.308 6.93 36708.2 MSCL0_1702150794 1.001700 0.001319 1.001315 0.001346 1.001348 0.001378 1.001191 0.001415 1.001198 0.001455 1.000881 0.001498 
7800.293797 1.0317 1539.2 1.183 0.210 7.16 38865.3 MSCL0_1702150795 1.003452 0.001311 1.003255 0.001340 1.003165 0.001375 1.003224 0.001412 1.003343 0.001454 1.003072 0.001497 
7800.294537 1.0313 1533.6 0.954 0.057 7.10 42982.0 MSCL0_1702150796 1.002322 0.001311 1.002212 0.001341 1.002593 0.001376 1.002256 0.001414 1.002049 0.001455 1.001965 0.001499 
7800.295290 1.0308 1532.3 0.723 -0.396 6.68 45670.8 MSCL0_1702150797 1.003737 0.001311 1.003197 0.001341 1.002712 0.001376 1.002515 0.001415 1.002736 0.001457 1.003096 0.001502 
7800.296030 1.0304 1530.9 1.166 -0.383 7.13 40845.4 MSCL0_1702150798 1.003971 0.001313 1.003432 0.001342 1.002905 0.001377 1.002781 0.001415 1.002224 0.001456 1.002623 0.001500 
7800.296771 1.0300 1541.9 0.950 -0.096 6.87 45390.7 MSCL0_1702150799 1.002285 0.001318 1.001872 0.001349 1.001761 0.001385 1.001358 0.001424 1.001371 0.001467 1.001027 0.001512 
7800.297523 1.0297 1543.5 0.685 0.003 7.24 42505.7 MSCL0_1702150800 1.003436 0.001317 1.002729 0.001347 1.002399 0.001382 1.001934 0.001421 1.001864 0.001463 1.001601 0.001507 
7800.298254 1.0293 1553.2 0.852 -0.036 7.09 38151.5 MSCL0_1702150801 1.003620 0.001327 1.003332 0.001357 1.003275 0.001392 1.003076 0.001431 1.003085 0.001473 1.003441 0.001518 
7800.298994 1.0289 1557.0 1.017 -0.644 7.38 35180.4 MSCL0_1702150802 1.002682 0.001337 1.002264 0.001365 1.002398 0.001399 1.002222 0.001438 1.002200 0.001480 1.002631 0.001525 
7800.299747 1.0286 1566.0 0.965 -0.361 7.44 30750.3 MSCL0_1702150803 0.998195 0.001349 0.998423 0.001373 0.998943 0.001405 0.998973 0.001442 0.998775 0.001482 0.998897 0.001527 
7800.300487 1.0283 1560.6 0.889 0.113 8.04 24497.4 MSCL0_1702150804 0.996822 0.001370 0.996893 0.001387 0.997734 0.001414 0.997990 0.001447 0.998264 0.001485 0.998159 0.001526 
7800.301240 1.0279 1553.1 0.863 -0.576 8.07 24061.3 MSCL0_1702150805 1.002215 0.001378 1.002581 0.001394 1.002574 0.001420 1.002785 0.001452 1.002928 0.001489 1.003427 0.001530 
7800.301992 1.0276 1559.4 0.867 -0.363 7.82 24559.4 MSCL0_1702150806 0.999597 0.001375 1.001062 0.001393 1.001882 0.001420 1.002749 0.001454 1.003306 0.001493 1.003362 0.001534 
7800.302721 1.0274 1551.9 1.046 0.032 8.24 24444.9 MSCL0_1702150807 0.995067 0.001362 0.995872 0.001379 0.996197 0.001405 0.996099 0.001436 0.996241 0.001473 0.996164 0.001514 
7800.303474 1.0271 1556.1 1.219 -0.635 7.65 28311.0 MSCL0_1702150808 0.998121 0.001345 0.998545 0.001368 0.998799 0.001397 0.998922 0.001433 0.999138 0.001473 0.998976 0.001515 
7800.304214 1.0268 1562.3 0.984 -0.658 7.69 28938.5 MSCL0_1702150809 1.001090 0.001353 1.001146 0.001377 1.001100 0.001408 1.001116 0.001445 1.001809 0.001486 1.001732 0.001530 
7800.304955 1.0266 1561.1 0.950 -0.141 7.75 27606.4 MSCL0_1702150810 1.000017 0.001355 1.000705 0.001377 1.001591 0.001407 1.001551 0.001442 1.001106 0.001481 1.001345 0.001524 
7800.305696 1.0263 1567.9 1.049 -0.490 7.76 27387.6 MSCL0_1702150811 1.000737 0.001359 1.001440 0.001380 1.001067 0.001408 1.000812 0.001442 1.000612 0.001480 1.001001 0.001523 
7800.306448 1.0261 1577.9 1.255 -0.247 7.54 26700.4 MSCL0_1702150812 0.998508 0.001369 0.998772 0.001388 0.999348 0.001416 1.000088 0.001450 1.000422 0.001489 1.000926 0.001531 
7800.307189 1.0259 1586.5 1.307 -0.414 7.27 30258.5 MSCL0_1702150813 1.002095 0.001351 1.001880 0.001376 1.002250 0.001409 1.002190 0.001446 1.002326 0.001488 1.002848 0.001533 
7800.307930 1.0257 1590.4 0.835 -0.349 6.80 41385.8 MSCL0_1702150814 1.004820 0.001339 1.003999 0.001369 1.003753 0.001405 1.003844 0.001445 1.003882 0.001488 1.003998 0.001534 
7800.308659 1.0255 1591.1 0.930 -0.404 6.44 45186.9 MSCL0_1702150815 1.003271 0.001336 1.003116 0.001369 1.002538 0.001405 1.002353 0.001445 1.002178 0.001489 1.002704 0.001536 
7800.309399 1.0253 1596.9 1.325 0.120 6.47 43367.4 MSCL0_1702150816 1.000947 0.001340 1.000230 0.001371 0.999670 0.001408 0.999351 0.001449 0.999443 0.001493 0.999397 0.001540 
7800.310152 1.0252 1592.4 0.948 -0.567 6.55 43386.6 MSCL0_1702150817 1.002717 0.001339 1.002634 0.001371 1.002267 0.001408 1.001603 0.001449 1.001640 0.001493 1.001970 0.001540 
7800.310893 1.0250 1591.5 0.813 -0.087 6.64 44569.0 MSCL0_1702150818 1.003149 0.001334 1.002214 0.001365 1.001625 0.001402 1.001239 0.001441 1.001299 0.001485 1.000970 0.001531 
7800.311645 1.0249 1600.3 1.309 -0.415 6.27 45799.3 MSCL0_1702150819 1.002385 0.001345 1.002184 0.001378 1.001664 0.001415 1.001373 0.001457 1.001388 0.001502 1.001380 0.001550 
7800.312386 1.0248 1608.4 1.066 -0.327 6.22 47073.7 MSCL0_1702150820 1.001032 0.001340 1.000543 0.001373 1.000314 0.001411 0.999994 0.001452 0.999459 0.001496 0.999599 0.001544 
7800.313138 1.0247 1609.9 1.286 -0.347 6.21 47499.2 MSCL0_1702150821 1.002110 0.001344 1.001238 0.001376 1.001508 0.001414 1.001950 0.001457 1.001834 0.001502 1.001179 0.001548 
7800.313879 1.0246 1607.2 1.292 -0.157 6.47 44767.2 MSCL0_1702150822 1.002130 0.001343 1.000481 0.001375 1.000185 0.001413 1.000082 0.001455 0.999504 0.001499 0.998880 0.001546 
7800.314619 1.0245 1597.7 1.303 -0.397 6.44 44713.2 MSCL0_1702150823 1.004407 0.001345 1.003675 0.001378 1.003630 0.001417 1.003974 0.001459 1.003844 0.001504 1.003939 0.001552 
7800.315349 1.0244 1596.1 1.070 -0.258 6.67 42117.9 MSCL0_1702150824 1.000952 0.001340 1.000567 0.001372 1.000528 0.001409 1.000454 0.001451 1.000606 0.001495 1.001167 0.001543 
7800.316089 1.0244 1575.0 1.327 -0.301 6.43 41952.0 MSCL0_1702150825 1.002497 0.001338 1.001937 0.001368 1.001657 0.001405 1.001779 0.001445 1.001582 0.001489 1.001768 0.001535 
7800.316818 1.0243 1576.6 1.193 -0.342 6.98 38122.5 MSCL0_1702150826 1.004755 0.001342 1.004221 0.001372 1.003693 0.001407 1.003048 0.001446 1.002846 0.001489 1.002948 0.001535 
7800.317559 1.0243 1592.2 1.087 -0.961 6.82 40600.7 MSCL0_1702150827 1.001158 0.001347 1.001138 0.001379 1.001444 0.001416 1.001021 0.001457 1.001138 0.001501 1.000923 0.001548 
7800.318311 1.0243 1607.3 1.399 -0.031 6.41 39816.2 MSCL0_1702150828 1.001868 0.001349 1.001026 0.001380 1.001093 0.001417 1.001328 0.001458 1.000730 0.001502 1.000192 0.001548 
7800.319041 1.0243 1611.6 1.379 -0.585 7.25 36922.7 MSCL0_1702150829 1.000672 0.001350 1.000487 0.001382 1.000395 0.001420 1.000352 0.001462 1.000315 0.001507 0.999952 0.001555 
7800.319793 1.0243 1609.9 1.471 -0.391 6.84 40292.5 MSCL0_1702150830 1.002582 0.001351 1.002739 0.001383 1.003068 0.001421 1.002753 0.001462 1.002440 0.001507 1.002300 0.001554 
7800.320522 1.0243 1595.4 1.274 -0.318 6.43 41489.1 MSCL0_1702150831 1.001986 0.001345 1.001204 0.001376 1.000960 0.001413 1.001062 0.001454 1.000844 0.001499 1.000838 0.001546 
7800.321263 1.0243 1595.3 1.288 -0.362 6.84 37650.0 MSCL0_1702150832 1.005481 0.001347 1.005090 0.001378 1.004781 0.001414 1.004637 0.001454 1.004686 0.001498 1.005152 0.001545 
7800.322004 1.0244 1602.5 1.323 -0.667 6.68 39002.7 MSCL0_1702150833 1.004418 0.001349 1.004008 0.001380 1.003824 0.001416 1.003415 0.001456 1.003340 0.001500 1.003603 0.001547 
7800.322756 1.0244 1606.0 1.198 -0.818 6.40 41090.0 MSCL0_1702150834 1.003221 0.001352 1.003034 0.001383 1.002979 0.001420 1.003072 0.001461 1.002698 0.001505 1.002541 0.001551 
7800.323497 1.0245 1596.3 1.135 -0.244 6.29 40920.7 MSCL0_1702150835 1.002643 0.001352 1.002925 0.001384 1.003582 0.001422 1.003654 0.001464 1.003242 0.001507 1.002966 0.001554 
7800.324226 1.0246 1593.4 1.459 -0.332 7.08 29830.9 MSCL0_1702150836 1.001810 0.001371 1.001812 0.001397 1.002412 0.001432 1.002943 0.001471 1.002981 0.001513 1.002219 0.001558 
7800.324978 1.0247 1587.0 1.071 -0.658 6.75 38351.7 MSCL0_1702150837 1.002022 0.001346 1.001891 0.001377 1.002080 0.001413 1.001730 0.001453 1.001614 0.001496 1.001630 0.001542 
7800.325720 1.0248 1585.4 1.201 -0.357 6.62 41160.7 MSCL0_1702150838 1.001590 0.001347 1.001366 0.001378 1.001281 0.001414 1.001505 0.001455 1.001858 0.001499 1.003404 0.001547 
7800.326461 1.0249 1576.5 1.390 -0.197 7.18 35569.9 MSCL0_1702150839 1.002224 0.001346 1.002055 0.001376 1.001361 0.001410 1.000859 0.001449 1.000586 0.001492 1.000051 0.001537 
7800.327213 1.0251 1576.9 1.230 -0.812 7.11 34973.8 MSCL0_1702150840 1.003086 0.001351 1.003047 0.001380 1.002818 0.001415 1.002992 0.001454 1.002933 0.001497 1.003263 0.001543 
7800.327954 1.0252 1578.4 1.179 -0.519 7.24 36835.0 MSCL0_1702150841 1.001611 0.001345 1.001169 0.001374 1.000875 0.001410 1.000340 0.001449 1.000321 0.001492 1.000251 0.001538 
7800.328683 1.0254 1581.6 0.859 -0.287 6.48 40808.2 MSCL0_1702150842 1.002583 0.001350 1.001631 0.001380 1.001161 0.001416 1.001533 0.001457 1.000950 0.001501 1.001137 0.001548 
7800.329424 1.0256 1574.0 1.199 -0.420 6.44 39283.8 MSCL0_1702150843 1.000626 0.001346 0.999763 0.001375 0.999929 0.001412 1.000000 0.001452 0.999785 0.001495 0.999800 0.001540 
7800.330164 1.0257 1574.9 1.382 -0.592 6.58 35359.9 MSCL0_1702150844 0.999938 0.001351 0.999396 0.001379 0.999274 0.001413 0.998996 0.001452 0.999133 0.001494 0.999336 0.001540 
7800.330905 1.0259 1577.7 1.309 -0.796 6.71 36345.1 MSCL0_1702150845 0.999149 0.001354 0.998825 0.001383 0.998564 0.001418 0.998342 0.001458 0.997800 0.001500 0.997399 0.001546 
7800.331657 1.0262 1580.0 1.070 -0.471 6.82 39138.6 MSCL0_1702150846 1.000031 0.001353 0.999866 0.001384 1.000205 0.001421 1.000240 0.001463 1.000804 0.001508 1.001231 0.001556 
7800.332398 1.0264 1570.2 1.369 -0.667 6.76 38275.2 MSCL0_1702150847 1.001037 0.001347 1.000741 0.001378 1.000739 0.001414 1.000945 0.001454 1.000964 0.001498 1.000578 0.001544 
7800.333139 1.0266 1561.1 1.152 -0.583 6.66 39993.1 MSCL0_1702150848 1.000622 0.001346 0.999867 0.001376 1.000020 0.001413 0.999840 0.001453 0.999200 0.001496 0.998785 0.001543 
7800.333891 1.0269 1550.4 1.370 -0.802 6.65 41321.7 MSCL0_1702150849 1.005648 0.001344 1.005484 0.001375 1.005484 0.001411 1.005212 0.001452 1.005198 0.001495 1.004887 0.001541 
7800.334632 1.0271 1555.2 1.573 -0.581 6.87 41313.0 MSCL0_1702150850 1.000895 0.001343 1.000371 0.001374 1.000315 0.001411 0.999693 0.001452 0.999490 0.001496 0.999239 0.001542 
7800.335373 1.0274 1562.8 1.235 -0.231 6.46 45417.7 MSCL0_1702150851 1.005039 0.001345 1.004231 0.001377 1.004007 0.001415 1.003684 0.001456 1.003591 0.001500 1.003833 0.001547 
7800.336113 1.0277 1569.2 1.430 -1.058 6.53 43146.9 MSCL0_1702150852 1.002421 0.001346 1.001769 0.001378 1.001693 0.001416 1.001226 0.001456 1.000956 0.001500 1.001014 0.001547 
7800.336866 1.0280 1592.1 1.442 -0.769 6.32 42274.1 MSCL0_1702150853 1.002219 0.001362 1.001176 0.001394 1.000960 0.001432 1.000955 0.001474 1.000288 0.001518 0.999823 0.001566 
7800.337606 1.0283 1611.5 1.559 -0.270 6.20 43550.9 MSCL0_1702150854 1.003486 0.001371 1.002595 0.001403 1.002318 0.001442 1.002233 0.001485 1.002279 0.001531 1.002477 0.001581 
7800.338359 1.0287 1601.8 1.227 -0.825 6.60 38466.3 MSCL0_1702150855 1.000176 0.001364 0.999697 0.001395 0.999171 0.001432 0.999098 0.001474 0.999114 0.001519 0.999816 0.001568 
7800.339100 1.0290 1600.5 1.487 -0.858 6.75 37831.5 MSCL0_1702150856 1.004121 0.001368 1.004245 0.001401 1.004653 0.001440 1.004078 0.001481 1.003750 0.001526 1.004253 0.001575 
7800.339840 1.0294 1584.7 1.638 -0.985 6.39 44837.5 MSCL0_1702150857 1.004316 0.001355 1.003609 0.001388 1.003292 0.001425 1.002943 0.001467 1.002274 0.001511 1.002788 0.001559 
7800.340581 1.0298 1570.0 1.375 -0.800 6.87 40008.6 MSCL0_1702150858 1.002477 0.001352 1.002383 0.001384 1.002145 0.001422 1.001399 0.001462 1.000876 0.001506 1.000832 0.001553 
7800.341322 1.0301 1554.7 1.739 -0.352 6.70 42685.6 MSCL0_1702150859 1.003843 0.001350 1.003269 0.001382 1.003516 0.001420 1.003385 0.001461 1.003065 0.001505 1.003326 0.001553 
7800.342074 1.0305 1553.4 1.349 -0.641 6.61 43388.4 MSCL0_1702150860 1.003812 0.001347 1.003225 0.001378 1.003648 0.001416 1.003968 0.001458 1.004317 0.001503 1.004144 0.001550 
7800.342815 1.0310 1556.2 1.772 -0.702 7.03 37842.8 MSCL0_1702150861 1.003198 0.001351 1.002800 0.001381 1.002903 0.001417 1.002622 0.001456 1.002616 0.001499 1.002624 0.001545 
7800.343544 1.0314 1546.7 1.509 -0.649 7.20 34476.3 MSCL0_1702150862 1.003676 0.001352 1.003296 0.001382 1.003463 0.001419 1.003472 0.001459 1.003235 0.001502 1.003183 0.001548 
7800.344285 1.0318 1544.7 1.453 -0.880 6.72 40679.4 MSCL0_1702150863 1.001741 0.001344 1.001302 0.001374 1.001076 0.001410 1.000682 0.001450 1.000937 0.001493 1.001533 0.001540 
7800.345025 1.0323 1547.3 1.519 -0.503 7.19 39621.2 MSCL0_1702150864 1.004644 0.001352 1.004421 0.001383 1.004268 0.001419 1.003883 0.001459 1.003637 0.001503 1.003893 0.001549 
7800.345766 1.0327 1548.2 1.590 -0.802 6.45 44396.6 MSCL0_1702150865 1.001576 0.001343 1.001349 0.001374 1.001847 0.001411 1.001662 0.001451 1.001739 0.001494 1.002143 0.001540 
7800.346519 1.0332 1546.2 1.498 -0.340 6.85 37981.3 MSCL0_1702150866 1.001358 0.001349 1.000725 0.001378 1.000872 0.001414 1.000493 0.001453 1.000611 0.001496 1.000383 0.001541 
7800.347259 1.0337 1547.2 1.560 -1.174 7.04 35783.8 MSCL0_1702150867 1.003762 0.001358 1.003283 0.001387 1.003204 0.001423 1.003661 0.001463 1.003843 0.001507 1.004278 0.001554 
7800.348000 1.0342 1545.1 1.485 -0.596 6.73 39754.0 MSCL0_1702150868 1.003139 0.001355 1.003119 0.001386 1.003370 0.001422 1.003649 0.001463 1.003750 0.001507 1.004107 0.001554 
7800.348741 1.0347 1554.8 1.366 -0.568 7.03 37747.3 MSCL0_1702150869 1.002789 0.001351 1.002491 0.001381 1.002750 0.001417 1.002716 0.001457 1.002842 0.001500 1.002980 0.001547 
7800.349493 1.0352 1560.8 1.349 -0.989 6.98 38326.6 MSCL0_1702150870 1.001501 0.001353 1.000972 0.001383 1.000700 0.001419 1.000782 0.001460 1.000425 0.001503 1.000399 0.001550 
7800.350222 1.0358 1549.9 1.329 -0.957 6.72 41310.2 MSCL0_1702150871 1.001548 0.001348 1.001042 0.001378 1.001348 0.001415 1.000951 0.001455 1.000800 0.001498 1.000891 0.001544 
7800.350975 1.0363 1553.2 1.852 -0.503 7.22 37419.5 MSCL0_1702150872 1.001154 0.001351 1.000948 0.001380 1.000762 0.001415 1.000513 0.001454 1.000453 0.001497 1.000527 0.001542 
7800.351715 1.0369 1549.1 1.794 -0.821 6.61 42061.5 MSCL0_1702150873 1.003399 0.001353 1.002779 0.001384 1.002456 0.001421 1.002299 0.001461 1.001667 0.001504 1.001555 0.001551 
7800.352456 1.0375 1549.1 1.643 -1.126 7.17 39317.9 MSCL0_1702150874 1.003236 0.001359 1.003045 0.001389 1.003504 0.001424 1.003670 0.001464 1.003766 0.001508 1.003500 0.001553 
7800.353208 1.0381 1548.9 1.425 -1.335 7.04 38406.4 MSCL0_1702150875 1.001631 0.001355 1.001527 0.001385 1.001810 0.001422 1.001385 0.001462 1.001309 0.001506 1.001559 0.001553 
7800.353950 1.0387 1547.1 1.646 -1.026 6.67 41807.2 MSCL0_1702150876 1.001943 0.001350 1.001328 0.001381 1.001651 0.001418 1.002136 0.001459 1.002223 0.001503 1.002445 0.001550 
7800.354691 1.0393 1533.3 1.624 -0.688 6.71 41354.1 MSCL0_1702150877 1.001940 0.001344 1.001670 0.001375 1.001388 0.001411 1.001275 0.001451 1.000930 0.001494 1.000696 0.001540 
7800.355432 1.0400 1523.2 1.689 -1.214 7.08 39977.6 MSCL0_1702150878 1.004155 0.001346 1.004018 0.001376 1.004112 0.001412 1.004177 0.001452 1.004125 0.001495 1.004234 0.001541 
7800.356184 1.0406 1515.3 1.900 -1.158 7.19 36947.7 MSCL0_1702150879 1.001953 0.001346 1.001913 0.001375 1.002265 0.001410 1.002273 0.001449 1.001797 0.001491 1.001736 0.001536 
7800.356936 1.0413 1514.1 1.402 -0.665 7.19 36458.1 MSCL0_1702150880 1.001719 0.001340 1.001282 0.001369 1.001135 0.001405 1.001004 0.001444 1.000725 0.001486 1.000383 0.001531 
7800.357677 1.0420 1515.3 1.673 -1.232 7.13 39822.7 MSCL0_1702150881 1.003152 0.001345 1.003032 0.001375 1.003385 0.001411 1.003455 0.001451 1.003337 0.001494 1.003196 0.001540 
7800.358418 1.0427 1521.1 1.687 -0.867 6.43 46947.3 MSCL0_1702150882 1.003303 0.001341 1.002886 0.001373 1.002592 0.001410 1.002534 0.001451 1.002505 0.001495 1.002629 0.001541 
7800.359170 1.0434 1523.6 1.442 -0.978 6.12 49056.5 MSCL0_1702150883 1.003721 0.001344 1.003186 0.001377 1.002810 0.001414 1.002624 0.001456 1.002229 0.001500 1.001771 0.001546 
7800.359911 1.0441 1533.9 1.519 -0.730 6.48 48976.7 MSCL0_1702150884 1.003187 0.001347 1.002215 0.001380 1.002158 0.001418 1.002364 0.001460 1.002094 0.001505 1.001720 0.001552 
7800.360663 1.0449 1547.4 1.531 -0.878 6.87 40342.9 MSCL0_1702150885 1.001914 0.001355 1.001436 0.001387 1.001936 0.001425 1.001608 0.001466 1.001481 0.001511 1.001895 0.001558 
7800.361404 1.0456 1560.0 1.652 -1.159 6.61 43487.2 MSCL0_1702150886 1.004906 0.001363 1.004311 0.001396 1.004021 0.001434 1.003420 0.001475 1.002962 0.001520 1.002685 0.001567 
7800.362156 1.0464 1577.3 1.621 -0.484 7.21 37767.9 MSCL0_1702150887 1.002013 0.001364 1.001379 0.001397 1.001357 0.001435 1.001414 0.001478 1.001770 0.001525 1.002091 0.001573 
7800.362897 1.0472 1584.2 1.493 -1.199 6.79 43003.2 MSCL0_1702150888 1.002036 0.001367 1.001620 0.001401 1.001704 0.001440 1.001271 0.001483 1.000945 0.001529 1.000960 0.001578 
7800.363626 1.0480 1598.4 1.810 -0.974 7.22 38163.1 MSCL0_1702150889 1.002518 0.001376 1.002072 0.001410 1.001980 0.001449 1.001926 0.001492 1.002327 0.001539 1.002257 0.001589 
7800.364378 1.0488 1604.9 1.617 -0.953 6.41 43494.6 MSCL0_1702150890 1.003130 0.001368 1.002075 0.001400 1.001819 0.001439 1.001764 0.001482 1.001617 0.001527 1.001658 0.001576 
7800.365119 1.0496 1617.6 1.616 -1.307 6.57 44570.4 MSCL0_1702150891 1.004099 0.001370 1.003570 0.001404 1.003415 0.001443 1.002903 0.001486 1.003156 0.001533 1.003207 0.001582 
7800.365860 1.0504 1643.6 1.639 -0.858 6.59 41678.4 MSCL0_1702150892 1.002888 0.001381 1.002715 0.001417 1.002397 0.001458 1.002446 0.001503 1.002343 0.001550 1.002374 0.001601 
7800.366612 1.0513 1671.8 1.425 -0.398 6.74 42510.9 MSCL0_1702150893 1.003841 0.001389 1.003322 0.001426 1.003027 0.001468 1.002505 0.001513 1.002681 0.001563 1.002832 0.001615 
7800.367341 1.0522 1695.9 1.479 -1.534 6.78 40951.4 MSCL0_1702150894 1.005422 0.001395 1.005004 0.001432 1.004957 0.001475 1.004920 0.001522 1.005171 0.001572 1.005415 0.001625 
7800.368094 1.0530 1744.8 1.734 -1.119 6.99 39771.6 MSCL0_1702150895 1.002489 0.001403 1.001956 0.001440 1.001635 0.001483 1.001567 0.001530 1.001011 0.001580 1.001049 0.001633 
7800.368834 1.0539 1793.1 1.578 -0.278 6.83 42188.5 MSCL0_1702150896 1.005750 0.001418 1.005109 0.001458 1.005245 0.001504 1.005782 0.001555 1.005907 0.001608 1.005403 0.001664 
7800.369587 1.0549 1857.6 1.521 -1.614 6.62 41300.0 MSCL0_1702150897 1.002846 0.001426 1.002147 0.001467 1.002384 0.001513 1.002040 0.001564 1.001804 0.001618 1.001986 0.001675 
7800.370327 1.0558 1932.0 1.335 -0.515 6.88 37278.1 MSCL0_1702150898 1.004540 0.001450 1.004646 0.001492 1.004711 0.001540 1.004771 0.001593 1.004342 0.001649 1.004254 0.001707 
7800.371068 1.0567 2007.9 1.445 -1.389 6.78 41441.9 MSCL0_1702150899 1.004451 0.001454 1.004140 0.001498 1.003896 0.001549 1.003443 0.001603 1.002659 0.001660 1.002866 0.001721 
7800.371809 1.0577 2105.0 1.546 -0.831 7.43 37682.0 MSCL0_1702150900 1.006363 0.001471 1.006040 0.001515 1.005249 0.001565 1.004798 0.001620 1.005179 0.001679 1.004869 0.001741 
7800.372561 1.0586 2222.5 1.474 -1.172 6.81 42384.8 MSCL0_1702150901 1.004625 0.001479 1.004533 0.001526 1.004398 0.001580 1.004629 0.001638 1.004557 0.001699 1.004518 0.001763 
7800.373279 1.0596 2356.7 1.659 -1.106 6.72 38347.9 MSCL0_1702150902 1.004571 0.001503 1.003820 0.001552 1.004006 0.001608 1.004180 0.001669 1.003703 0.001733 1.003994 0.001801 
7800.374008 1.0606 2512.4 1.556 -1.179 7.26 36721.8 MSCL0_1702150903 1.004211 0.001518 1.003472 0.001570 1.002976 0.001628 1.002585 0.001692 1.003521 0.001760 1.003691 0.001831 
7800.374737 1.0616 2707.5 1.688 -1.530 7.13 36760.8 MSCL0_1702150904 1.003858 0.001537 1.003707 0.001592 1.003223 0.001654 1.003300 0.001721 1.002953 0.001791 1.001955 0.001864 
7800.375466 1.0626 2965.5 1.390 -1.028 6.85 37189.0 MSCL0_1702150905 1.002319 0.001578 1.002154 0.001637 1.002128 0.001704 1.002124 0.001777 1.001825 0.001853 1.001920 0.001933 
7800.376195 1.0636 3277.0 1.716 -1.330 7.18 34205.2 MSCL0_1702150906 1.005710 0.001629 1.005894 0.001695 1.005657 0.001770 1.005801 0.001850 1.006207 0.001935 1.006063 0.002022 
7800.376936 1.0646 3632.6 1.490 -0.956 7.56 33002.6 MSCL0_1702150907 1.003728 0.001670 1.003861 0.001742 1.004084 0.001822 1.004617 0.001907 1.003830 0.001995 1.003777 0.002087 
7800.377665 1.0657 4051.4 1.327 -0.930 7.67 36545.1 MSCL0_1702150908 1.003898 0.001706 1.003020 0.001784 1.003092 0.001871 1.002349 0.001963 1.001784 0.002058 1.002241 0.002159 
