# BJD(TDB)-2450000 airmass sky(ADU) dx(pix) dy(pix) fwhm(pix) peak(ADU) frame flux(r=9.0) err(r=9.0) flux(r=10.0) err(r=10.0) flux(r=11.0) err(r=11.0) flux(r=12.0) err(r=12.0) flux(r=13.0) err(r=13.0) flux(r=14.0) err(r=14.0) 
7800.099704 1.9195 769.0 1.571 1.098 9.52 8484.4 MSCL2_1702150416 1.008784 0.002271 1.005945 0.002288 1.004211 0.002324 1.003111 0.002372 1.002090 0.002429 1.002103 0.002496 
7800.100445 1.9101 759.6 1.183 1.363 9.05 8832.8 MSCL2_1702150417 1.006547 0.002261 1.005888 0.002283 1.005840 0.002323 1.005248 0.002372 1.005178 0.002431 1.003958 0.002494 
7800.101185 1.9007 758.7 2.001 0.490 8.82 9166.4 MSCL2_1702150418 1.014396 0.002273 1.012732 0.002296 1.011233 0.002333 1.010332 0.002383 1.009567 0.002441 1.008458 0.002506 
7800.101926 1.8915 757.1 2.197 1.278 8.82 9004.7 MSCL2_1702150419 1.001108 0.002271 1.000193 0.002290 0.999210 0.002325 0.998171 0.002371 0.998673 0.002430 0.999014 0.002494 
7800.102655 1.8826 753.3 1.232 1.128 8.28 9894.7 MSCL2_1702150420 1.010541 0.002235 1.009920 0.002263 1.009409 0.002305 1.009090 0.002359 1.007839 0.002417 1.007942 0.002484 
7800.103396 1.8735 746.7 2.392 1.209 8.25 10673.1 MSCL2_1702150421 1.003884 0.002203 1.003581 0.002234 1.002789 0.002276 1.002156 0.002328 1.002014 0.002389 1.001924 0.002456 
7800.104149 1.8645 740.5 1.398 0.883 7.45 14009.6 MSCL2_1702150422 1.000609 0.002137 0.999974 0.002180 0.999981 0.002233 0.999696 0.002293 0.999654 0.002359 1.000114 0.002431 
7800.104879 1.8558 736.5 2.401 1.196 8.10 11529.1 MSCL2_1702150423 1.005785 0.002176 1.005867 0.002210 1.005295 0.002253 1.005912 0.002309 1.007253 0.002372 1.007637 0.002439 
7800.105631 1.8469 735.4 0.594 1.226 7.69 12328.5 MSCL2_1702150424 1.006345 0.002158 1.005467 0.002194 1.005002 0.002243 1.005645 0.002302 1.004094 0.002362 1.003883 0.002431 
7800.106360 1.8384 732.5 1.851 0.931 7.72 12287.2 MSCL2_1702150425 1.003454 0.002142 1.003728 0.002181 1.002997 0.002228 1.002881 0.002285 1.002628 0.002348 1.002449 0.002417 
7800.107101 1.8298 728.8 1.582 0.843 7.43 12896.7 MSCL2_1702150426 1.003239 0.002137 1.002890 0.002175 1.001887 0.002222 1.001888 0.002279 1.001644 0.002341 1.001094 0.002408 
7800.107842 1.8213 728.4 1.899 1.019 7.94 11433.4 MSCL2_1702150427 1.005332 0.002160 1.004602 0.002194 1.004432 0.002241 1.004437 0.002297 1.003099 0.002356 1.002876 0.002423 
7800.108582 1.8130 731.7 1.534 0.957 7.52 12729.4 MSCL2_1702150428 1.005593 0.002142 1.005547 0.002179 1.005337 0.002227 1.005882 0.002284 1.005669 0.002346 1.006363 0.002416 
7800.109323 1.8047 732.2 1.693 1.244 7.40 13539.8 MSCL2_1702150429 1.003253 0.002120 1.002550 0.002160 1.001994 0.002210 1.001623 0.002268 1.000371 0.002330 0.999832 0.002398 
7800.110075 1.7963 729.8 1.706 1.010 7.61 12939.0 MSCL2_1702150430 1.002551 0.002122 1.002490 0.002163 1.002460 0.002215 1.002129 0.002273 1.001814 0.002337 1.001627 0.002406 
7800.110816 1.7882 730.0 1.536 0.983 7.28 13971.1 MSCL2_1702150431 1.002750 0.002113 1.002642 0.002157 1.002795 0.002212 1.002868 0.002272 1.002695 0.002337 1.001870 0.002407 
7800.111557 1.7801 735.3 1.799 1.203 7.40 13131.2 MSCL2_1702150432 0.999136 0.002115 0.998810 0.002156 0.997530 0.002205 0.997600 0.002264 0.998026 0.002329 0.998837 0.002401 
7800.112298 1.7722 742.0 1.267 1.035 6.39 17035.7 MSCL2_1702150433 1.000760 0.002096 1.000292 0.002143 1.000018 0.002200 1.000982 0.002265 1.000886 0.002333 1.001344 0.002406 
7800.113050 1.7642 746.5 1.800 1.191 7.16 14590.1 MSCL2_1702150434 1.001061 0.002109 1.001142 0.002155 1.000519 0.002209 1.000419 0.002271 1.000238 0.002339 1.000000 0.002410 
7800.113779 1.7565 748.6 1.177 0.606 6.95 15660.3 MSCL2_1702150435 0.999744 0.002107 1.000000 0.002154 1.000113 0.002209 1.000000 0.002271 1.000034 0.002339 1.000423 0.002412 
7800.114520 1.7488 757.9 1.480 0.751 7.22 13271.2 MSCL2_1702150436 1.003598 0.002124 1.003541 0.002167 1.003210 0.002219 1.003303 0.002280 1.003071 0.002347 1.003462 0.002419 
7800.115272 1.7410 770.8 1.902 1.086 7.17 14197.8 MSCL2_1702150437 0.999225 0.002112 0.999853 0.002158 1.000296 0.002213 1.000246 0.002275 0.999619 0.002341 0.999604 0.002413 
7800.116024 1.7333 759.1 0.879 1.071 7.21 13925.9 MSCL2_1702150438 1.004120 0.002123 1.004442 0.002170 1.003687 0.002224 1.003629 0.002288 1.003755 0.002357 1.004355 0.002432 
7800.116765 1.7258 763.0 1.389 0.742 7.61 12502.2 MSCL2_1702150439 1.002544 0.002141 1.002385 0.002183 1.002411 0.002235 1.002341 0.002295 1.001896 0.002361 1.002712 0.002434 
7800.117494 1.7185 763.9 2.093 0.938 8.00 11072.1 MSCL2_1702150440 1.002314 0.002159 1.001183 0.002195 1.000786 0.002244 0.999993 0.002302 0.999576 0.002367 1.000162 0.002440 
7800.118235 1.7112 765.0 1.306 0.931 8.18 10419.2 MSCL2_1702150441 0.996486 0.002169 0.997010 0.002203 0.997630 0.002249 0.999180 0.002309 0.999537 0.002373 0.999652 0.002443 
7800.118976 1.7039 759.7 1.166 0.492 7.35 12188.4 MSCL2_1702150442 1.007139 0.002146 1.006978 0.002186 1.005890 0.002236 1.005430 0.002295 1.005006 0.002361 1.005061 0.002433 
7800.119728 1.6966 751.8 1.727 1.013 7.40 12408.3 MSCL2_1702150443 1.005316 0.002135 1.003898 0.002173 1.002499 0.002222 1.002414 0.002281 1.001752 0.002346 1.001324 0.002416 
7800.120469 1.6895 749.8 1.312 0.879 8.18 9927.8 MSCL2_1702150444 1.004110 0.002169 1.002945 0.002197 1.002350 0.002240 1.002755 0.002295 1.002677 0.002357 1.002985 0.002424 
7800.121210 1.6824 745.9 1.187 1.031 8.31 9396.9 MSCL2_1702150445 1.008443 0.002199 1.007152 0.002223 1.006669 0.002265 1.006824 0.002318 1.006836 0.002378 1.006420 0.002445 
7800.121939 1.6756 734.5 0.487 1.220 9.41 8134.5 MSCL2_1702150446 1.007015 0.002223 1.005348 0.002235 1.004863 0.002267 1.004820 0.002313 1.004277 0.002367 1.004692 0.002430 
7800.122679 1.6687 727.4 1.569 0.364 8.59 9201.1 MSCL2_1702150447 1.008195 0.002192 1.006774 0.002210 1.005032 0.002244 1.004618 0.002290 1.003881 0.002345 1.002877 0.002406 
7800.123432 1.6617 720.1 1.248 0.846 8.51 9482.6 MSCL2_1702150448 1.003305 0.002154 1.001705 0.002175 1.000769 0.002210 0.999929 0.002257 0.998368 0.002311 0.998607 0.002375 
7800.124173 1.6549 731.9 1.248 1.222 8.24 9777.8 MSCL2_1702150449 1.007428 0.002169 1.005752 0.002192 1.004470 0.002230 1.003750 0.002280 1.003346 0.002337 1.003269 0.002402 
7800.124925 1.6481 715.3 2.004 0.184 7.89 11005.2 MSCL2_1702150450 1.001855 0.002101 1.001695 0.002133 1.000532 0.002175 1.000163 0.002228 1.000400 0.002289 1.000444 0.002354 
7800.125666 1.6414 712.1 0.947 1.172 8.09 10747.7 MSCL2_1702150451 1.004518 0.002121 1.005006 0.002153 1.004436 0.002195 1.004153 0.002247 1.003853 0.002305 1.004344 0.002371 
7800.126418 1.6348 709.9 1.259 0.298 7.87 11108.2 MSCL2_1702150452 1.001110 0.002111 1.001166 0.002141 1.001040 0.002184 1.001138 0.002237 1.001240 0.002297 1.001519 0.002363 
7800.127159 1.6283 709.9 2.157 1.128 8.39 9386.6 MSCL2_1702150453 1.002713 0.002147 1.002342 0.002167 1.001982 0.002203 1.001949 0.002250 1.002229 0.002306 1.002822 0.002370 
7800.127911 1.6217 710.0 0.056 0.697 8.82 8840.2 MSCL2_1702150454 0.994391 0.002164 0.996635 0.002184 0.997587 0.002218 0.999125 0.002265 1.001350 0.002321 1.002930 0.002385 
7800.128652 1.6153 710.9 1.242 0.616 7.62 10798.4 MSCL2_1702150455 1.005660 0.002135 1.005367 0.002161 1.004861 0.002201 1.005196 0.002252 1.004619 0.002308 1.005604 0.002374 
7800.129392 1.6090 709.1 1.688 0.793 6.69 14918.8 MSCL2_1702150456 1.000287 0.002055 1.000969 0.002098 1.001477 0.002149 1.002100 0.002208 1.002125 0.002271 1.002701 0.002340 
7800.130122 1.6028 694.6 0.965 0.767 7.35 11614.2 MSCL2_1702150457 1.005257 0.002093 1.005578 0.002125 1.004779 0.002166 1.004566 0.002217 1.004472 0.002274 1.004530 0.002338 
7800.130851 1.5967 688.8 1.260 0.706 6.68 14575.5 MSCL2_1702150458 1.004711 0.002047 1.004062 0.002084 1.004239 0.002132 1.004494 0.002187 1.004471 0.002248 1.004423 0.002315 
7800.131592 1.5905 684.9 1.233 0.820 6.82 13255.7 MSCL2_1702150459 1.000657 0.002056 1.000706 0.002090 1.000084 0.002134 1.000296 0.002187 1.000402 0.002247 1.000873 0.002312 
7800.132333 1.5844 682.5 0.612 0.800 7.40 12021.9 MSCL2_1702150460 1.003139 0.002064 1.002920 0.002096 1.001694 0.002137 1.002142 0.002190 1.002098 0.002248 1.001992 0.002311 
7800.133062 1.5785 691.6 0.861 0.803 7.50 11765.0 MSCL2_1702150461 1.005495 0.002072 1.005028 0.002102 1.004157 0.002142 1.003450 0.002192 1.002283 0.002247 1.001067 0.002308 
7800.133815 1.5724 697.0 0.877 0.386 7.50 11158.6 MSCL2_1702150462 0.998742 0.002081 0.999838 0.002108 1.000223 0.002146 1.001197 0.002195 1.001050 0.002250 1.001051 0.002310 
7800.134555 1.5665 684.2 1.192 0.584 7.12 13302.4 MSCL2_1702150463 1.001301 0.002040 1.001518 0.002074 1.001203 0.002116 1.001757 0.002169 1.001422 0.002227 1.000754 0.002289 
7800.135308 1.5605 666.2 1.587 0.793 6.98 14384.9 MSCL2_1702150464 1.004392 0.002014 1.003767 0.002050 1.003731 0.002096 1.003820 0.002151 1.003447 0.002210 1.003203 0.002273 
7800.136037 1.5548 658.2 1.184 0.673 6.51 15699.4 MSCL2_1702150465 1.001320 0.001998 1.001037 0.002036 1.000477 0.002082 1.000407 0.002136 1.000077 0.002195 1.000469 0.002259 
7800.136789 1.5490 651.6 0.771 0.894 6.97 13238.2 MSCL2_1702150466 0.999957 0.002008 0.998860 0.002039 0.998389 0.002081 0.998274 0.002131 0.997679 0.002186 0.997895 0.002247 
7800.137518 1.5434 649.9 0.734 0.422 8.07 10300.5 MSCL2_1702150467 0.999437 0.002066 0.999331 0.002086 0.999298 0.002119 0.999556 0.002163 0.999626 0.002214 0.999716 0.002270 
7800.138259 1.5377 644.9 2.127 0.983 7.32 12914.9 MSCL2_1702150468 1.000437 0.002001 1.000274 0.002034 0.999946 0.002077 1.000554 0.002130 1.000577 0.002187 1.000369 0.002248 
7800.139012 1.5320 636.1 0.559 0.703 7.10 14116.1 MSCL2_1702150469 0.999428 0.001977 0.999074 0.002011 0.998054 0.002053 0.998011 0.002104 0.997336 0.002159 0.996671 0.002219 
7800.139752 1.5265 632.0 1.253 0.309 7.14 12496.4 MSCL2_1702150470 1.001645 0.001997 1.001857 0.002028 1.001449 0.002068 1.001871 0.002117 1.001201 0.002170 1.001349 0.002230 
7800.140493 1.5210 627.9 0.952 1.013 6.78 14890.6 MSCL2_1702150471 1.001629 0.001969 1.001623 0.002003 1.001952 0.002048 1.001910 0.002098 1.001886 0.002155 1.002507 0.002217 
7800.141222 1.5157 633.3 0.087 0.358 6.93 13732.5 MSCL2_1702150472 1.001679 0.001969 1.001414 0.002004 1.001216 0.002048 1.001626 0.002100 1.001868 0.002157 1.001897 0.002219 
7800.141974 1.5102 633.9 1.015 0.647 6.48 16767.5 MSCL2_1702150473 0.996549 0.001949 0.996670 0.001989 0.996793 0.002036 0.997043 0.002091 0.996745 0.002149 0.996108 0.002210 
7800.142715 1.5049 631.3 0.591 0.725 6.72 15836.5 MSCL2_1702150474 0.999743 0.001946 0.999506 0.001984 0.998952 0.002030 0.999184 0.002083 0.999471 0.002142 0.999306 0.002203 
7800.143468 1.4995 624.0 0.717 0.883 6.70 15210.5 MSCL2_1702150475 1.001361 0.001947 1.001667 0.001984 1.001310 0.002029 1.000821 0.002080 1.000274 0.002136 1.000414 0.002197 
7800.144208 1.4943 621.4 1.105 0.362 6.59 16874.7 MSCL2_1702150476 1.003459 0.001944 1.003677 0.001984 1.003304 0.002031 1.003370 0.002086 1.002783 0.002144 1.002633 0.002206 
7800.144949 1.4891 627.0 1.184 0.472 6.87 14536.2 MSCL2_1702150477 1.004040 0.001950 1.003559 0.001984 1.002904 0.002026 1.003385 0.002077 1.003578 0.002134 1.003892 0.002195 
7800.145701 1.4838 624.1 0.856 0.481 6.70 16013.3 MSCL2_1702150478 1.000765 0.001934 1.001116 0.001973 1.000696 0.002018 1.001124 0.002071 1.001161 0.002129 1.001401 0.002191 
7800.146430 1.4788 618.2 0.527 0.674 6.71 16924.8 MSCL2_1702150479 0.999362 0.001927 0.999871 0.001967 0.999965 0.002015 0.999708 0.002067 0.999366 0.002125 0.999285 0.002186 
7800.147171 1.4738 610.8 0.853 0.853 6.75 17201.8 MSCL2_1702150480 1.001925 0.001926 1.001607 0.001964 1.001083 0.002011 1.000395 0.002062 0.999550 0.002119 0.999153 0.002180 
7800.147900 1.4689 615.2 0.811 0.143 6.70 15718.4 MSCL2_1702150481 1.003899 0.001937 1.003706 0.001975 1.003108 0.002020 1.002992 0.002072 1.003679 0.002132 1.005120 0.002197 
7800.148641 1.4639 613.7 1.131 0.622 6.98 15578.9 MSCL2_1702150482 1.001339 0.001938 1.001048 0.001974 1.000167 0.002018 0.999464 0.002069 0.998528 0.002125 0.999075 0.002187 
7800.149382 1.4590 613.4 0.760 0.432 6.41 16939.2 MSCL2_1702150483 0.999694 0.001929 0.999582 0.001970 0.999591 0.002018 0.999530 0.002072 0.998706 0.002129 0.998186 0.002191 
7800.150134 1.4541 613.5 0.253 1.099 6.62 16932.9 MSCL2_1702150484 1.001108 0.001921 1.001545 0.001961 1.002202 0.002010 1.002942 0.002063 1.003253 0.002121 1.003804 0.002184 
7800.150875 1.4493 613.6 0.692 -0.040 6.48 18528.7 MSCL2_1702150485 1.002725 0.001921 1.003726 0.001964 1.004407 0.002014 1.004549 0.002069 1.004471 0.002128 1.004668 0.002192 
7800.151627 1.4444 611.9 1.185 0.717 6.52 18682.5 MSCL2_1702150486 0.999247 0.001909 0.998978 0.001948 0.998853 0.001995 0.999619 0.002050 0.999243 0.002107 0.999250 0.002169 
7800.152368 1.4397 607.8 0.180 0.489 6.34 19334.2 MSCL2_1702150487 1.001216 0.001910 1.002210 0.001953 1.002625 0.002002 1.002114 0.002055 1.002236 0.002114 1.002574 0.002177 
7800.153109 1.4350 604.4 0.443 0.919 6.44 17479.6 MSCL2_1702150488 1.001670 0.001911 1.001698 0.001950 1.002269 0.001998 1.002307 0.002051 1.001633 0.002107 1.001423 0.002169 
7800.153861 1.4303 605.1 1.044 0.433 6.91 17588.6 MSCL2_1702150489 1.003694 0.001909 1.004017 0.001950 1.004193 0.001998 1.004429 0.002052 1.003758 0.002109 1.003105 0.002169 
7800.154602 1.4257 598.9 0.472 0.397 6.48 19602.8 MSCL2_1702150490 1.000386 0.001887 1.000233 0.001928 1.000564 0.001977 1.001338 0.002032 1.001518 0.002090 1.001574 0.002152 
7800.155343 1.4211 599.6 0.617 0.457 6.71 18270.1 MSCL2_1702150491 1.004285 0.001899 1.004104 0.001940 1.004367 0.001989 1.004817 0.002044 1.005598 0.002103 1.006305 0.002167 
7800.156083 1.4166 599.4 0.837 0.337 6.25 19208.1 MSCL2_1702150492 1.001635 0.001895 1.001579 0.001936 1.001229 0.001984 1.000844 0.002037 1.000470 0.002094 0.999900 0.002154 
7800.156812 1.4122 596.6 0.551 0.566 6.57 20160.0 MSCL2_1702150493 1.002366 0.001892 1.002087 0.001934 1.001788 0.001982 1.002180 0.002037 1.002000 0.002094 1.002780 0.002158 
7800.157553 1.4078 598.5 0.160 0.378 6.87 17222.9 MSCL2_1702150494 1.000238 0.001891 1.000340 0.001930 1.000650 0.001978 1.000487 0.002030 1.000338 0.002087 1.000623 0.002148 
7800.158305 1.4033 600.5 0.979 0.408 6.99 17181.0 MSCL2_1702150495 0.996023 0.001883 0.996537 0.001923 0.996826 0.001969 0.997340 0.002022 0.997159 0.002079 0.998072 0.002141 
7800.159046 1.3990 600.6 0.399 0.469 7.20 15048.5 MSCL2_1702150496 0.998823 0.001891 0.999271 0.001931 0.999398 0.001978 0.999362 0.002030 0.998869 0.002086 0.999332 0.002147 
7800.159800 1.3946 593.8 0.686 0.248 6.86 17972.9 MSCL2_1702150497 0.998470 0.001875 0.998854 0.001917 0.999045 0.001965 0.999118 0.002018 0.998926 0.002076 0.999253 0.002138 
7800.160552 1.3902 590.5 0.332 0.614 7.03 17083.7 MSCL2_1702150498 0.998034 0.001884 0.998065 0.001922 0.998439 0.001969 0.998391 0.002021 0.997963 0.002077 0.998441 0.002139 
7800.161293 1.3860 591.3 0.754 0.381 6.29 19086.8 MSCL2_1702150499 0.999014 0.001880 0.999610 0.001922 0.999802 0.001971 1.000209 0.002024 0.999620 0.002081 0.999307 0.002142 
7800.162045 1.3818 591.1 0.530 0.550 6.75 18137.4 MSCL2_1702150500 0.995970 0.001876 0.995788 0.001915 0.995450 0.001961 0.995533 0.002014 0.995791 0.002071 0.996126 0.002132 
7800.162774 1.3777 585.9 0.714 -0.100 6.93 19029.5 MSCL2_1702150501 0.998075 0.001879 0.998195 0.001919 0.997764 0.001965 0.997889 0.002018 0.997007 0.002075 0.997095 0.002136 
7800.163503 1.3736 585.2 0.734 0.806 7.01 17349.6 MSCL2_1702150502 0.995686 0.001878 0.995230 0.001916 0.995213 0.001963 0.995543 0.002015 0.995176 0.002071 0.995977 0.002133 
7800.164244 1.3695 585.3 0.251 0.336 6.72 18234.3 MSCL2_1702150503 0.994081 0.001866 0.994456 0.001906 0.994681 0.001953 0.994887 0.002005 0.994073 0.002059 0.994550 0.002121 
7800.164996 1.3654 593.8 0.462 0.442 6.44 18826.9 MSCL2_1702150504 0.993351 0.001868 0.992843 0.001908 0.992818 0.001956 0.993127 0.002010 0.993576 0.002069 0.994301 0.002131 
7800.165714 1.3615 584.4 0.497 0.264 6.41 17607.7 MSCL2_1702150505 0.990886 0.001861 0.990802 0.001900 0.990952 0.001946 0.990979 0.001997 0.990154 0.002052 0.990291 0.002111 
7800.166466 1.3575 571.8 0.578 0.760 6.64 20080.2 MSCL2_1702150506 0.992674 0.001853 0.993309 0.001894 0.993436 0.001942 0.993387 0.001994 0.993647 0.002051 0.994409 0.002113 
7800.167207 1.3536 570.2 0.479 0.224 7.62 16418.6 MSCL2_1702150507 0.989267 0.001850 0.988640 0.001886 0.988561 0.001931 0.988546 0.001982 0.988166 0.002037 0.988383 0.002095 
7800.167948 1.3497 570.7 0.386 0.347 7.43 15108.3 MSCL2_1702150508 0.987502 0.001856 0.987820 0.001892 0.988356 0.001937 0.988843 0.001988 0.988749 0.002042 0.988980 0.002101 
7800.168688 1.3458 571.0 0.835 0.449 7.19 15274.6 MSCL2_1702150509 0.988044 0.001863 0.988152 0.001899 0.988209 0.001943 0.988355 0.001994 0.987892 0.002049 0.988250 0.002109 
7800.169441 1.3419 580.0 0.528 0.065 6.82 16470.0 MSCL2_1702150510 0.986572 0.001853 0.986133 0.001890 0.986347 0.001934 0.986369 0.001985 0.986129 0.002040 0.986113 0.002098 
7800.170181 1.3381 570.1 0.154 0.432 7.35 15132.4 MSCL2_1702150511 0.990479 0.001863 0.990471 0.001897 0.990455 0.001939 0.990051 0.001987 0.990058 0.002041 0.990569 0.002100 
7800.170911 1.3344 554.5 0.536 0.360 7.17 16926.5 MSCL2_1702150512 0.986017 0.001838 0.986639 0.001875 0.987174 0.001919 0.987749 0.001970 0.988136 0.002024 0.988470 0.002083 
7800.171663 1.3306 543.2 0.847 0.435 6.71 17287.0 MSCL2_1702150513 0.987497 0.001828 0.988130 0.001864 0.988690 0.001908 0.988751 0.001956 0.988258 0.002008 0.988489 0.002065 
7800.172392 1.3270 533.1 0.395 0.154 6.74 17547.2 MSCL2_1702150514 0.985749 0.001825 0.986321 0.001862 0.986651 0.001906 0.987435 0.001956 0.987433 0.002009 0.988503 0.002067 
7800.173133 1.3233 529.6 0.238 0.753 6.56 20372.7 MSCL2_1702150515 0.984715 0.001815 0.984731 0.001852 0.984374 0.001895 0.984281 0.001944 0.984083 0.001996 0.983835 0.002052 
7800.173885 1.3196 525.9 0.382 -0.503 6.77 17623.5 MSCL2_1702150516 0.983575 0.001814 0.983513 0.001849 0.983384 0.001890 0.983482 0.001937 0.983677 0.001988 0.984252 0.002044 
7800.174614 1.3161 522.6 0.226 0.793 7.17 17551.9 MSCL2_1702150517 0.985538 0.001818 0.985758 0.001854 0.985923 0.001896 0.986296 0.001945 0.986177 0.001997 0.986625 0.002054 
7800.175344 1.3126 520.0 0.674 -0.186 6.61 20422.3 MSCL2_1702150518 0.982745 0.001804 0.982957 0.001842 0.982732 0.001886 0.983253 0.001935 0.983189 0.001988 0.983378 0.002045 
7800.176073 1.3091 520.2 0.455 0.902 6.89 19162.9 MSCL2_1702150519 0.985625 0.001808 0.985736 0.001845 0.985526 0.001888 0.985745 0.001936 0.985529 0.001988 0.985652 0.002044 
7800.176825 1.3056 516.8 0.383 -0.392 6.91 17217.1 MSCL2_1702150520 0.988271 0.001815 0.988445 0.001851 0.987986 0.001893 0.988586 0.001942 0.988810 0.001995 0.988714 0.002051 
7800.177566 1.3021 519.7 0.415 0.920 7.20 17916.9 MSCL2_1702150521 0.984557 0.001807 0.984637 0.001842 0.984937 0.001884 0.985387 0.001932 0.985578 0.001983 0.986188 0.002039 
7800.178306 1.2987 520.9 -0.005 0.147 7.25 17023.6 MSCL2_1702150522 0.983453 0.001805 0.983773 0.001841 0.983366 0.001882 0.983284 0.001929 0.982702 0.001979 0.982576 0.002034 
7800.179047 1.2952 523.0 0.178 0.584 7.15 15857.2 MSCL2_1702150523 0.986034 0.001815 0.986296 0.001850 0.986097 0.001891 0.986369 0.001939 0.986399 0.001990 0.986183 0.002045 
7800.179800 1.2918 549.8 0.467 -0.280 6.93 18485.3 MSCL2_1702150524 0.985894 0.001818 0.985780 0.001854 0.984557 0.001896 0.984449 0.001944 0.984111 0.001997 0.984032 0.002054 
7800.180540 1.2885 527.8 0.461 0.553 6.81 16683.9 MSCL2_1702150525 0.985189 0.001812 0.984990 0.001846 0.984563 0.001887 0.984781 0.001934 0.985068 0.001985 0.984866 0.002040 
7800.181269 1.2852 526.4 0.323 0.239 6.83 18633.9 MSCL2_1702150526 0.984314 0.001803 0.984632 0.001841 0.984733 0.001885 0.984852 0.001934 0.985541 0.001988 0.985455 0.002045 
7800.182010 1.2819 522.9 0.569 0.163 6.77 16775.5 MSCL2_1702150527 0.982899 0.001806 0.983114 0.001840 0.983025 0.001880 0.983251 0.001927 0.982616 0.001976 0.982426 0.002030 
7800.182751 1.2787 518.3 0.209 0.580 7.00 16169.4 MSCL2_1702150528 0.982262 0.001804 0.982548 0.001838 0.982730 0.001879 0.982998 0.001926 0.982512 0.001976 0.982546 0.002031 
7800.183492 1.2755 507.9 0.240 -0.104 7.26 17764.4 MSCL2_1702150529 0.986206 0.001793 0.986527 0.001828 0.986892 0.001870 0.987181 0.001917 0.986738 0.001967 0.987655 0.002024 
7800.184232 1.2723 493.2 0.468 0.160 6.81 18205.5 MSCL2_1702150530 0.978181 0.001775 0.978222 0.001808 0.978574 0.001850 0.978347 0.001894 0.977276 0.001942 0.976746 0.001994 
7800.184985 1.2690 497.7 -0.064 0.434 7.31 16101.9 MSCL2_1702150531 0.984207 0.001795 0.984121 0.001826 0.983953 0.001865 0.983510 0.001908 0.982972 0.001956 0.982856 0.002009 
7800.185702 1.2660 494.8 0.265 0.064 6.94 16824.6 MSCL2_1702150532 0.982956 0.001792 0.983182 0.001823 0.982719 0.001861 0.982946 0.001906 0.982899 0.001955 0.983530 0.002009 
7800.186455 1.2628 493.5 0.463 0.567 7.07 17960.2 MSCL2_1702150533 0.980875 0.001782 0.981134 0.001816 0.980972 0.001856 0.981000 0.001902 0.980400 0.001951 0.980853 0.002005 
7800.187196 1.2598 497.6 0.428 0.138 6.97 19254.3 MSCL2_1702150534 0.980266 0.001776 0.980380 0.001811 0.980804 0.001853 0.981607 0.001900 0.982041 0.001951 0.982847 0.002007 
7800.187937 1.2567 497.2 -0.282 0.410 7.35 16225.7 MSCL2_1702150535 0.982906 0.001788 0.983128 0.001821 0.983150 0.001861 0.982732 0.001905 0.982881 0.001955 0.983567 0.002010 
7800.188678 1.2537 491.4 0.612 0.159 6.41 21003.8 MSCL2_1702150536 0.982080 0.001773 0.982301 0.001808 0.982884 0.001850 0.982921 0.001896 0.982982 0.001946 0.983565 0.002001 
7800.189419 1.2507 495.4 0.061 0.593 6.95 17844.7 MSCL2_1702150537 0.979518 0.001776 0.979408 0.001809 0.979386 0.001849 0.979768 0.001895 0.979526 0.001945 0.979936 0.001999 
7800.190159 1.2477 510.8 0.367 0.061 7.24 18667.7 MSCL2_1702150538 0.983206 0.001786 0.983234 0.001820 0.982604 0.001861 0.982800 0.001908 0.983027 0.001959 0.983325 0.002015 
7800.190912 1.2447 489.2 -0.006 0.274 7.26 16685.9 MSCL2_1702150539 0.982714 0.001783 0.982962 0.001816 0.983257 0.001856 0.983577 0.001901 0.983926 0.001951 0.984221 0.002005 
7800.191652 1.2418 477.9 -0.061 -0.020 7.63 15930.9 MSCL2_1702150540 0.980739 0.001776 0.980540 0.001807 0.979881 0.001845 0.979272 0.001888 0.978687 0.001936 0.979113 0.001989 
7800.192382 1.2390 475.1 0.258 0.386 7.41 16829.9 MSCL2_1702150541 0.984180 0.001778 0.983200 0.001808 0.982942 0.001845 0.983067 0.001889 0.982942 0.001936 0.982432 0.001987 
7800.193122 1.2361 473.7 0.228 -0.070 6.76 18567.3 MSCL2_1702150542 0.982629 0.001770 0.982915 0.001804 0.982632 0.001844 0.982583 0.001889 0.982480 0.001938 0.982750 0.001991 
7800.193875 1.2332 470.6 0.123 0.428 7.42 16124.1 MSCL2_1702150543 0.981646 0.001776 0.981000 0.001805 0.980185 0.001841 0.979913 0.001884 0.979458 0.001930 0.978949 0.001981 
7800.194615 1.2304 467.1 0.126 -0.022 6.62 19096.4 MSCL2_1702150544 0.981670 0.001765 0.981546 0.001797 0.981732 0.001837 0.982268 0.001882 0.982438 0.001930 0.982749 0.001983 
7800.195345 1.2277 465.1 0.046 0.114 6.61 20018.3 MSCL2_1702150545 0.981790 0.001763 0.981822 0.001796 0.982021 0.001836 0.982558 0.001882 0.982801 0.001932 0.983618 0.001985 
7800.196085 1.2249 475.2 0.043 0.011 6.61 21476.2 MSCL2_1702150546 0.979604 0.001757 0.979751 0.001791 0.979510 0.001831 0.979252 0.001876 0.978988 0.001924 0.978703 0.001976 
7800.196838 1.2221 468.6 0.323 0.730 7.40 17990.2 MSCL2_1702150547 0.984350 0.001764 0.984207 0.001796 0.983676 0.001834 0.983164 0.001877 0.982661 0.001925 0.982986 0.001977 
7800.197578 1.2194 464.3 -0.232 -0.315 6.16 22949.5 MSCL2_1702150548 0.980702 0.001756 0.981447 0.001791 0.981308 0.001832 0.981132 0.001877 0.980836 0.001925 0.980683 0.001977 
7800.198331 1.2167 460.6 0.252 0.414 6.74 19096.1 MSCL2_1702150549 0.981839 0.001754 0.982033 0.001786 0.981960 0.001824 0.981898 0.001866 0.981545 0.001913 0.981331 0.001963 
7800.199060 1.2141 462.9 0.322 0.122 7.41 18641.6 MSCL2_1702150550 0.982353 0.001757 0.982156 0.001792 0.982382 0.001832 0.982639 0.001878 0.982721 0.001927 0.982538 0.001978 
7800.199801 1.2114 466.1 0.106 0.210 7.45 17486.4 MSCL2_1702150551 0.978926 0.001757 0.978943 0.001791 0.978693 0.001831 0.978698 0.001876 0.978389 0.001924 0.978483 0.001976 
7800.200530 1.2089 466.0 -0.244 0.084 7.31 18929.2 MSCL2_1702150552 0.981768 0.001758 0.981956 0.001792 0.982362 0.001832 0.982451 0.001877 0.982254 0.001926 0.981686 0.001977 
7800.201282 1.2062 462.3 0.415 0.165 6.62 19268.8 MSCL2_1702150553 0.983417 0.001761 0.983840 0.001795 0.983851 0.001835 0.983419 0.001878 0.983074 0.001926 0.983385 0.001980 
7800.202023 1.2037 459.0 0.096 0.153 6.75 20135.9 MSCL2_1702150554 0.980676 0.001752 0.980721 0.001785 0.980817 0.001825 0.981394 0.001871 0.981576 0.001920 0.981756 0.001973 
7800.202764 1.2011 458.7 0.028 0.111 7.30 18973.6 MSCL2_1702150555 0.981311 0.001759 0.980776 0.001791 0.980513 0.001830 0.980397 0.001874 0.980598 0.001923 0.981081 0.001975 
7800.203504 1.1986 455.5 0.143 -0.117 7.20 18291.3 MSCL2_1702150556 0.981239 0.001751 0.980962 0.001783 0.980838 0.001821 0.981194 0.001865 0.981064 0.001911 0.981531 0.001963 
7800.204257 1.1961 467.9 0.366 0.390 6.78 18981.3 MSCL2_1702150557 0.978656 0.001754 0.978585 0.001786 0.977804 0.001824 0.977562 0.001867 0.977439 0.001915 0.977422 0.001967 
7800.204986 1.1937 459.8 -0.207 0.035 7.34 17357.2 MSCL2_1702150558 0.980428 0.001757 0.979734 0.001786 0.979323 0.001824 0.979388 0.001867 0.979683 0.001915 0.979906 0.001966 
7800.205738 1.1912 450.8 0.012 -0.169 7.24 18022.6 MSCL2_1702150559 0.978289 0.001750 0.978181 0.001781 0.978339 0.001820 0.978886 0.001864 0.978728 0.001912 0.979022 0.001963 
7800.206479 1.1888 446.4 0.161 0.802 7.11 19171.3 MSCL2_1702150560 0.983967 0.001749 0.984137 0.001782 0.984169 0.001821 0.984217 0.001865 0.984378 0.001913 0.984546 0.001964 
7800.207208 1.1864 445.3 -1.018 -0.138 7.48 16849.6 MSCL2_1702150561 0.978727 0.001744 0.979103 0.001776 0.979609 0.001815 0.979842 0.001859 0.979893 0.001906 0.979684 0.001956 
7800.207937 1.1841 444.3 0.081 0.207 7.43 16808.7 MSCL2_1702150562 0.979835 0.001750 0.979837 0.001783 0.979833 0.001821 0.980361 0.001866 0.980245 0.001914 0.980273 0.001965 
7800.208678 1.1817 439.9 -0.359 0.128 7.82 15900.7 MSCL2_1702150563 0.985356 0.001750 0.985140 0.001780 0.984903 0.001816 0.985066 0.001858 0.984768 0.001904 0.984290 0.001953 
7800.209419 1.1794 436.9 0.259 -0.055 8.12 15565.5 MSCL2_1702150564 0.982147 0.001749 0.981763 0.001778 0.981523 0.001814 0.981492 0.001856 0.981468 0.001902 0.981171 0.001951 
7800.210171 1.1770 436.2 0.049 0.206 7.46 17004.7 MSCL2_1702150565 0.981716 0.001754 0.981111 0.001782 0.980748 0.001818 0.980990 0.001860 0.981025 0.001906 0.980829 0.001956 
7800.210912 1.1748 438.2 0.080 -0.206 7.45 18335.3 MSCL2_1702150566 0.980835 0.001743 0.981194 0.001776 0.981207 0.001814 0.981400 0.001858 0.980766 0.001905 0.980750 0.001956 
7800.211652 1.1725 429.7 -0.128 0.364 7.23 19317.0 MSCL2_1702150567 0.980694 0.001732 0.980750 0.001762 0.980482 0.001799 0.980414 0.001840 0.980240 0.001885 0.979787 0.001934 
7800.212393 1.1703 428.7 0.061 0.148 7.12 19164.6 MSCL2_1702150568 0.983235 0.001739 0.982889 0.001769 0.982719 0.001806 0.982345 0.001848 0.981927 0.001893 0.982067 0.001943 
7800.213134 1.1680 430.7 0.051 -0.051 7.22 19649.8 MSCL2_1702150569 0.982433 0.001738 0.982338 0.001769 0.981943 0.001806 0.982447 0.001850 0.982807 0.001897 0.982846 0.001947 
7800.213875 1.1658 429.5 0.344 -0.177 7.18 18412.9 MSCL2_1702150570 0.981945 0.001737 0.982288 0.001768 0.982123 0.001804 0.982283 0.001846 0.981567 0.001891 0.981527 0.001940 
7800.214615 1.1637 430.1 -0.591 -0.063 7.49 17153.4 MSCL2_1702150571 0.980738 0.001744 0.981101 0.001774 0.981372 0.001811 0.981680 0.001854 0.981522 0.001900 0.981214 0.001949 
7800.215369 1.1615 432.9 0.040 0.284 7.94 14837.0 MSCL2_1702150572 0.983784 0.001749 0.983273 0.001777 0.982854 0.001813 0.982750 0.001854 0.982783 0.001899 0.982810 0.001948 
7800.216109 1.1593 434.4 -0.174 -0.013 7.18 16044.9 MSCL2_1702150573 0.980460 0.001757 0.980509 0.001783 0.980142 0.001817 0.979617 0.001855 0.979360 0.001900 0.978738 0.001947 
7800.216850 1.1572 433.8 0.083 0.309 6.81 19981.9 MSCL2_1702150574 0.982997 0.001748 0.983338 0.001779 0.982991 0.001816 0.982866 0.001859 0.982475 0.001904 0.982801 0.001955 
7800.217602 1.1551 433.8 0.047 -0.062 7.15 18370.0 MSCL2_1702150575 0.978574 0.001742 0.978246 0.001772 0.978339 0.001809 0.978350 0.001852 0.978580 0.001899 0.978959 0.001949 
7800.218355 1.1530 435.2 -0.234 0.526 7.15 17996.3 MSCL2_1702150576 0.980520 0.001740 0.980259 0.001770 0.980037 0.001807 0.980087 0.001850 0.979467 0.001895 0.979674 0.001946 
7800.219096 1.1509 436.0 -0.086 -0.661 6.94 19849.6 MSCL2_1702150577 0.978889 0.001740 0.978901 0.001771 0.978532 0.001808 0.979085 0.001851 0.979174 0.001897 0.979532 0.001947 
7800.219836 1.1489 442.7 -0.238 0.253 7.43 18279.7 MSCL2_1702150578 0.982018 0.001740 0.981530 0.001773 0.981583 0.001812 0.982018 0.001856 0.982229 0.001905 0.983033 0.001958 
7800.220589 1.1469 446.7 -0.223 -0.311 7.32 19098.8 MSCL2_1702150579 0.981847 0.001743 0.981909 0.001775 0.982246 0.001813 0.982461 0.001857 0.982067 0.001904 0.982272 0.001956 
7800.221329 1.1449 442.1 -0.263 0.263 7.47 19112.7 MSCL2_1702150580 0.981490 0.001730 0.981967 0.001766 0.981452 0.001805 0.981557 0.001849 0.981441 0.001897 0.981072 0.001947 
7800.222070 1.1429 440.7 -0.296 -0.171 7.36 19228.9 MSCL2_1702150581 0.980753 0.001735 0.980733 0.001767 0.980441 0.001806 0.980804 0.001850 0.980562 0.001897 0.981092 0.001948 
7800.222822 1.1409 439.7 0.402 -0.025 7.24 20008.8 MSCL2_1702150582 0.978501 0.001730 0.978546 0.001762 0.978688 0.001800 0.978916 0.001843 0.978681 0.001890 0.978558 0.001940 
7800.223575 1.1390 439.6 0.115 0.360 7.21 20658.8 MSCL2_1702150583 0.981725 0.001737 0.981701 0.001770 0.982157 0.001810 0.982266 0.001853 0.982134 0.001901 0.982543 0.001953 
7800.224315 1.1370 439.0 0.039 -0.415 7.06 20239.3 MSCL2_1702150584 0.980576 0.001731 0.981074 0.001766 0.981419 0.001806 0.982066 0.001852 0.981947 0.001900 0.982018 0.001951 
7800.225056 1.1352 441.3 -0.153 0.333 7.14 22484.2 MSCL2_1702150585 0.979119 0.001729 0.979565 0.001763 0.979791 0.001802 0.980427 0.001847 0.980489 0.001894 0.980128 0.001943 
7800.225808 1.1333 439.1 -0.092 -0.483 7.03 20886.9 MSCL2_1702150586 0.982104 0.001732 0.982647 0.001767 0.982917 0.001808 0.983604 0.001854 0.983652 0.001903 0.983676 0.001955 
7800.226549 1.1314 434.0 -0.294 0.247 6.50 22846.9 MSCL2_1702150587 0.982080 0.001732 0.982649 0.001767 0.982674 0.001806 0.983216 0.001851 0.982894 0.001898 0.982801 0.001949 
7800.227290 1.1296 427.6 -0.295 -0.215 6.98 21030.2 MSCL2_1702150588 0.982962 0.001732 0.982849 0.001765 0.982798 0.001804 0.983069 0.001849 0.983114 0.001897 0.982838 0.001947 
7800.228031 1.1278 425.9 -0.066 0.495 7.33 20719.3 MSCL2_1702150589 0.981862 0.001730 0.981708 0.001762 0.981601 0.001800 0.981653 0.001843 0.981444 0.001889 0.981648 0.001940 
7800.228783 1.1259 424.3 -0.302 -0.273 7.58 19610.9 MSCL2_1702150590 0.982416 0.001734 0.982447 0.001766 0.982235 0.001803 0.982310 0.001845 0.982017 0.001891 0.982772 0.001942 
7800.229512 1.1242 419.0 0.042 -0.273 6.90 21601.5 MSCL2_1702150591 0.982123 0.001727 0.982140 0.001758 0.982503 0.001796 0.982838 0.001839 0.982687 0.001885 0.983246 0.001935 
7800.230265 1.1224 418.7 -0.465 0.355 7.60 18947.5 MSCL2_1702150592 0.979569 0.001730 0.979415 0.001761 0.979089 0.001797 0.978792 0.001839 0.978373 0.001885 0.978623 0.001935 
7800.231005 1.1207 420.1 0.032 -0.247 8.11 16595.2 MSCL2_1702150593 0.980501 0.001735 0.981230 0.001765 0.980700 0.001800 0.980426 0.001841 0.980445 0.001886 0.980654 0.001935 
7800.231734 1.1190 421.7 0.038 0.179 8.05 17129.5 MSCL2_1702150594 0.981011 0.001742 0.980577 0.001769 0.980416 0.001803 0.980519 0.001845 0.980607 0.001890 0.980550 0.001939 
7800.232464 1.1173 418.0 0.158 0.463 7.42 20088.7 MSCL2_1702150595 0.980567 0.001724 0.980083 0.001754 0.979422 0.001790 0.979660 0.001832 0.979509 0.001878 0.979696 0.001927 
7800.233204 1.1156 427.6 -0.164 -0.497 8.15 15796.0 MSCL2_1702150596 0.985974 0.001741 0.985258 0.001770 0.984739 0.001806 0.984882 0.001849 0.984745 0.001895 0.985159 0.001945 
7800.233945 1.1139 424.2 0.053 0.452 7.42 21031.7 MSCL2_1702150597 0.981701 0.001725 0.982027 0.001758 0.982011 0.001797 0.982170 0.001840 0.982565 0.001888 0.982780 0.001939 
7800.234686 1.1123 420.0 -0.299 -0.277 6.96 21911.3 MSCL2_1702150598 0.981165 0.001725 0.981063 0.001758 0.980942 0.001797 0.981153 0.001841 0.981090 0.001889 0.981105 0.001939 
7800.235427 1.1106 417.1 0.091 0.252 7.57 18663.2 MSCL2_1702150599 0.984104 0.001726 0.984424 0.001759 0.984489 0.001796 0.984125 0.001839 0.984778 0.001886 0.985164 0.001937 
7800.236179 1.1090 412.7 -0.345 0.038 7.58 21572.7 MSCL2_1702150600 0.982429 0.001723 0.982718 0.001756 0.982667 0.001794 0.982593 0.001836 0.982543 0.001883 0.982638 0.001933 
7800.236920 1.1074 412.6 0.402 -0.039 7.52 20342.6 MSCL2_1702150601 0.982560 0.001723 0.982431 0.001754 0.982017 0.001790 0.982392 0.001833 0.982386 0.001879 0.982482 0.001928 
7800.237649 1.1059 409.2 -0.333 0.396 7.27 21666.0 MSCL2_1702150602 0.982597 0.001719 0.983530 0.001751 0.983423 0.001788 0.983354 0.001830 0.983004 0.001875 0.983425 0.001925 
7800.238378 1.1043 408.0 -0.147 -0.189 8.18 18511.5 MSCL2_1702150603 0.983372 0.001724 0.983688 0.001755 0.983582 0.001791 0.983293 0.001832 0.982687 0.001877 0.982925 0.001926 
7800.239119 1.1028 406.5 0.021 0.354 7.67 20201.8 MSCL2_1702150604 0.982735 0.001723 0.982518 0.001754 0.982595 0.001791 0.982722 0.001833 0.982751 0.001878 0.982896 0.001928 
7800.239871 1.1012 406.1 0.101 -0.112 7.11 22820.6 MSCL2_1702150605 0.981941 0.001715 0.982345 0.001747 0.982796 0.001785 0.982901 0.001827 0.983031 0.001873 0.983423 0.001922 
7800.240612 1.0997 409.9 -0.285 -0.293 7.59 22487.2 MSCL2_1702150606 0.980574 0.001718 0.980815 0.001751 0.980273 0.001789 0.980129 0.001833 0.980159 0.001880 0.979962 0.001930 
7800.241352 1.0982 411.4 -0.232 0.599 7.21 21411.4 MSCL2_1702150607 0.980679 0.001714 0.980578 0.001746 0.980813 0.001784 0.981115 0.001827 0.981430 0.001874 0.981593 0.001924 
7800.242093 1.0967 410.6 0.203 0.000 7.89 16739.2 MSCL2_1702150608 0.979363 0.001719 0.979535 0.001750 0.979721 0.001787 0.979729 0.001829 0.979880 0.001875 0.979524 0.001923 
7800.242847 1.0953 411.9 -0.384 0.054 7.37 20700.2 MSCL2_1702150609 0.980544 0.001721 0.981021 0.001752 0.981077 0.001789 0.981056 0.001831 0.981059 0.001876 0.981099 0.001925 
7800.243587 1.0938 413.7 -0.352 -0.223 7.27 23074.6 MSCL2_1702150610 0.982576 0.001719 0.983062 0.001752 0.982657 0.001789 0.982655 0.001832 0.982040 0.001877 0.981786 0.001926 
7800.244328 1.0924 411.6 -0.039 0.132 7.22 23339.9 MSCL2_1702150611 0.982272 0.001718 0.981455 0.001749 0.981920 0.001788 0.982203 0.001832 0.982403 0.001879 0.982282 0.001928 
7800.245069 1.0910 410.5 -0.617 0.207 7.74 19855.4 MSCL2_1702150612 0.976757 0.001711 0.976892 0.001743 0.976902 0.001781 0.977698 0.001825 0.978142 0.001873 0.978522 0.001923 
7800.245809 1.0896 405.3 0.084 -0.330 8.19 20957.5 MSCL2_1702150613 0.981746 0.001713 0.982558 0.001746 0.982546 0.001783 0.982706 0.001825 0.982439 0.001871 0.982572 0.001920 
7800.246539 1.0882 405.9 -0.246 0.174 7.86 19837.1 MSCL2_1702150614 0.984525 0.001721 0.984251 0.001752 0.983862 0.001790 0.983676 0.001832 0.983216 0.001877 0.982634 0.001926 
7800.247279 1.0869 404.9 -0.144 0.338 7.54 22726.6 MSCL2_1702150615 0.980920 0.001715 0.981296 0.001746 0.981492 0.001783 0.981291 0.001824 0.981142 0.001869 0.980953 0.001918 
7800.248020 1.0855 401.3 -0.212 0.186 8.19 17629.4 MSCL2_1702150616 0.982585 0.001716 0.982102 0.001745 0.982120 0.001781 0.982054 0.001821 0.982344 0.001866 0.983125 0.001916 
7800.248772 1.0842 396.9 -0.278 -0.180 7.73 21183.2 MSCL2_1702150617 0.983289 0.001714 0.983447 0.001746 0.983259 0.001783 0.983314 0.001825 0.983001 0.001871 0.983173 0.001920 
7800.249513 1.0829 393.5 -0.130 0.105 7.75 19054.4 MSCL2_1702150618 0.983714 0.001716 0.983346 0.001746 0.982748 0.001782 0.982669 0.001824 0.982501 0.001869 0.982499 0.001918 
7800.250266 1.0816 395.3 -0.531 0.154 7.93 21944.9 MSCL2_1702150619 0.983842 0.001713 0.983958 0.001745 0.984160 0.001782 0.984592 0.001824 0.984625 0.001870 0.985035 0.001919 
7800.250983 1.0803 397.8 -0.272 -0.129 7.36 22842.9 MSCL2_1702150620 0.980907 0.001709 0.980823 0.001740 0.980296 0.001777 0.980212 0.001819 0.980520 0.001865 0.980528 0.001914 
7800.251724 1.0791 395.7 -0.463 0.315 7.42 19679.4 MSCL2_1702150621 0.983304 0.001718 0.983958 0.001750 0.984197 0.001788 0.984192 0.001831 0.984245 0.001877 0.984492 0.001926 
7800.252476 1.0778 393.7 -0.238 -0.046 8.40 17154.5 MSCL2_1702150622 0.984656 0.001718 0.984967 0.001748 0.985340 0.001785 0.985475 0.001826 0.984836 0.001870 0.984719 0.001918 
7800.253217 1.0766 401.4 -0.180 0.342 7.72 18503.8 MSCL2_1702150623 0.984148 0.001722 0.984223 0.001753 0.984272 0.001790 0.984556 0.001832 0.984764 0.001878 0.984901 0.001928 
7800.253958 1.0754 396.3 -0.256 0.438 8.23 16687.0 MSCL2_1702150624 0.987889 0.001724 0.987968 0.001755 0.988026 0.001792 0.988489 0.001835 0.988473 0.001881 0.988580 0.001929 
7800.254698 1.0742 391.7 -0.120 -0.527 7.83 19429.1 MSCL2_1702150625 0.983771 0.001716 0.983670 0.001746 0.983724 0.001783 0.983623 0.001825 0.982498 0.001868 0.982707 0.001917 
7800.255439 1.0730 387.7 -0.251 0.275 7.49 19719.6 MSCL2_1702150626 0.984711 0.001716 0.985116 0.001748 0.985565 0.001786 0.986001 0.001829 0.985977 0.001874 0.986117 0.001923 
7800.256168 1.0718 386.9 -0.385 0.115 7.38 22594.0 MSCL2_1702150627 0.983326 0.001710 0.983938 0.001743 0.983747 0.001781 0.983853 0.001824 0.984183 0.001870 0.984275 0.001920 
7800.256921 1.0707 407.2 -0.643 -0.056 7.53 21091.8 MSCL2_1702150628 0.984709 0.001713 0.985078 0.001746 0.984731 0.001783 0.985046 0.001826 0.985421 0.001873 0.985754 0.001923 
7800.257661 1.0695 409.0 0.106 0.421 7.88 17932.8 MSCL2_1702150629 0.980488 0.001714 0.980604 0.001746 0.980431 0.001784 0.980085 0.001826 0.979775 0.001871 0.979977 0.001921 
7800.258402 1.0684 384.4 -0.376 -0.436 7.30 19556.0 MSCL2_1702150630 0.985364 0.001713 0.985378 0.001745 0.985368 0.001782 0.985953 0.001825 0.985885 0.001870 0.986453 0.001920 
7800.259131 1.0673 378.1 0.060 0.218 7.28 20858.1 MSCL2_1702150631 0.985018 0.001708 0.985170 0.001739 0.985077 0.001776 0.985264 0.001817 0.985377 0.001862 0.985275 0.001911 
7800.259860 1.0663 379.0 -0.397 -0.044 7.15 21818.9 MSCL2_1702150632 0.987375 0.001714 0.988138 0.001745 0.988313 0.001782 0.989005 0.001824 0.989450 0.001870 0.989386 0.001917 
7800.260590 1.0652 379.6 -0.325 -0.232 7.01 23475.4 MSCL2_1702150633 0.984557 0.001709 0.985100 0.001742 0.984851 0.001779 0.985038 0.001822 0.985003 0.001868 0.984930 0.001917 
7800.261330 1.0641 375.4 -0.476 -0.064 7.32 22151.7 MSCL2_1702150634 0.985430 0.001703 0.985607 0.001734 0.985571 0.001771 0.985427 0.001812 0.984926 0.001855 0.985559 0.001904 
7800.262071 1.0631 375.5 -0.365 -0.223 6.85 25154.7 MSCL2_1702150635 0.985046 0.001706 0.985231 0.001738 0.984513 0.001775 0.984052 0.001816 0.983842 0.001861 0.984525 0.001910 
7800.262812 1.0621 375.4 -0.226 -0.332 7.70 21162.7 MSCL2_1702150636 0.983913 0.001702 0.983686 0.001732 0.983158 0.001767 0.983421 0.001808 0.983464 0.001853 0.983263 0.001900 
7800.263564 1.0610 376.4 -0.303 -0.159 7.47 22371.9 MSCL2_1702150637 0.985687 0.001705 0.985696 0.001735 0.985199 0.001770 0.985338 0.001811 0.985173 0.001855 0.984988 0.001902 
7800.264305 1.0600 375.2 -0.530 -0.175 7.92 19120.0 MSCL2_1702150638 0.985750 0.001707 0.985654 0.001737 0.985555 0.001774 0.985918 0.001815 0.985586 0.001859 0.985481 0.001906 
7800.265046 1.0590 376.0 -0.287 -0.153 7.82 21066.3 MSCL2_1702150639 0.985595 0.001706 0.985633 0.001737 0.985462 0.001773 0.985966 0.001816 0.986211 0.001861 0.986560 0.001910 
7800.265775 1.0581 375.4 -0.509 -0.345 7.43 24907.2 MSCL2_1702150640 0.985340 0.001703 0.985753 0.001735 0.985210 0.001771 0.985745 0.001813 0.985861 0.001858 0.985265 0.001905 
7800.266515 1.0571 375.2 -0.558 -0.210 7.78 21181.2 MSCL2_1702150641 0.986305 0.001705 0.987048 0.001738 0.986657 0.001775 0.987236 0.001817 0.988089 0.001864 0.989064 0.001914 
7800.267256 1.0562 372.4 -0.100 -0.105 7.24 23761.8 MSCL2_1702150642 0.986305 0.001704 0.986453 0.001737 0.986480 0.001775 0.986875 0.001817 0.986524 0.001862 0.986963 0.001911 
7800.268009 1.0552 371.5 -0.306 -0.575 7.86 23102.8 MSCL2_1702150643 0.985326 0.001702 0.986333 0.001735 0.986843 0.001773 0.987123 0.001815 0.987322 0.001860 0.987385 0.001908 
7800.268749 1.0543 372.7 -0.396 -0.021 7.76 22494.0 MSCL2_1702150644 0.987346 0.001705 0.987611 0.001737 0.987811 0.001775 0.987752 0.001817 0.987738 0.001862 0.988071 0.001911 
7800.269490 1.0534 372.2 -0.393 0.229 7.63 25198.9 MSCL2_1702150645 0.984591 0.001699 0.984268 0.001731 0.984264 0.001768 0.984366 0.001810 0.984188 0.001854 0.984477 0.001903 
7800.270209 1.0526 371.5 -0.219 -0.114 7.79 21736.2 MSCL2_1702150646 0.984432 0.001700 0.984799 0.001734 0.984949 0.001771 0.984757 0.001813 0.984428 0.001858 0.984692 0.001907 
7800.270961 1.0517 372.4 -0.521 -0.321 8.46 21819.7 MSCL2_1702150647 0.991269 0.001716 0.991338 0.001746 0.990863 0.001781 0.990945 0.001823 0.990294 0.001866 0.990529 0.001914 
7800.271702 1.0508 370.6 -0.340 0.047 7.67 22481.5 MSCL2_1702150648 0.989325 0.001705 0.989553 0.001738 0.989096 0.001774 0.989041 0.001816 0.989098 0.001861 0.989583 0.001910 
7800.272431 1.0500 373.7 -0.366 -0.048 7.87 21993.0 MSCL2_1702150649 0.989100 0.001706 0.989244 0.001738 0.988826 0.001774 0.988682 0.001816 0.988399 0.001861 0.988170 0.001908 
7800.273172 1.0492 373.8 -0.573 -0.207 7.95 23535.4 MSCL2_1702150650 0.990385 0.001709 0.991072 0.001742 0.991351 0.001779 0.991369 0.001821 0.991128 0.001865 0.991305 0.001913 
7800.273901 1.0484 367.4 -0.431 0.122 7.99 21689.1 MSCL2_1702150651 0.990534 0.001705 0.990746 0.001737 0.990568 0.001773 0.990885 0.001815 0.991311 0.001860 0.991878 0.001909 
7800.274630 1.0476 366.6 -0.656 -0.310 8.61 18695.0 MSCL2_1702150652 0.994154 0.001716 0.994611 0.001747 0.994699 0.001784 0.994719 0.001825 0.994320 0.001869 0.994642 0.001917 
7800.275371 1.0468 367.3 -0.373 0.015 7.89 21289.0 MSCL2_1702150653 0.994750 0.001712 0.995338 0.001744 0.994958 0.001780 0.994754 0.001821 0.995243 0.001866 0.995464 0.001914 
7800.276123 1.0460 367.1 -0.290 -0.300 8.16 19160.8 MSCL2_1702150654 0.993895 0.001711 0.994324 0.001742 0.994206 0.001778 0.993976 0.001818 0.993434 0.001861 0.993319 0.001908 
7800.276875 1.0453 368.9 -0.551 0.038 7.82 21595.8 MSCL2_1702150655 0.995557 0.001713 0.996040 0.001745 0.995859 0.001782 0.995675 0.001823 0.995755 0.001867 0.996087 0.001917 
7800.277616 1.0445 367.7 -0.435 0.133 7.69 22131.5 MSCL2_1702150656 0.998331 0.001717 0.998794 0.001749 0.998726 0.001785 0.998791 0.001826 0.998494 0.001870 0.998574 0.001918 
7800.278357 1.0438 370.3 -0.506 -0.654 7.47 22504.2 MSCL2_1702150657 0.997797 0.001716 0.997904 0.001748 0.997870 0.001785 0.997637 0.001825 0.997729 0.001871 0.997964 0.001919 
7800.279109 1.0431 397.0 -0.137 0.251 7.52 23180.5 MSCL2_1702150658 0.999216 0.001724 0.999900 0.001757 1.000248 0.001796 1.000554 0.001839 1.000362 0.001885 1.000822 0.001935 
7800.279850 1.0424 407.2 -0.597 -0.031 7.93 20024.7 MSCL2_1702150659 1.000467 0.001730 1.000553 0.001763 1.000481 0.001801 1.000797 0.001845 1.000337 0.001891 1.000711 0.001941 
7800.280591 1.0417 382.7 -0.265 -0.464 7.78 22034.2 MSCL2_1702150660 1.003308 0.001726 1.003574 0.001758 1.003288 0.001795 1.003720 0.001838 1.003714 0.001883 1.004447 0.001933 
7800.281343 1.0410 374.9 -0.472 0.110 7.63 20319.2 MSCL2_1702150661 1.003786 0.001730 1.003990 0.001762 1.003840 0.001799 1.003655 0.001840 1.003545 0.001885 1.003795 0.001934 
7800.282084 1.0403 375.5 -0.098 -0.225 8.40 18172.8 MSCL2_1702150662 1.003374 0.001728 1.003475 0.001758 1.003133 0.001794 1.003362 0.001835 1.003182 0.001879 1.003758 0.001928 
7800.282824 1.0397 376.0 -0.146 -0.600 7.84 19330.7 MSCL2_1702150663 1.001493 0.001725 1.001709 0.001755 1.001865 0.001792 1.002042 0.001834 1.002279 0.001879 1.002799 0.001928 
7800.283565 1.0390 377.1 -0.302 0.304 7.77 21380.4 MSCL2_1702150664 1.002563 0.001727 1.002715 0.001758 1.002965 0.001796 1.003001 0.001837 1.002718 0.001882 1.002606 0.001930 
7800.284317 1.0384 380.1 -0.401 -0.838 8.19 19826.9 MSCL2_1702150665 1.002691 0.001732 1.002716 0.001763 1.002122 0.001799 1.002060 0.001841 1.002133 0.001886 1.002418 0.001936 
7800.285058 1.0378 379.9 -0.142 0.309 7.68 19351.6 MSCL2_1702150666 1.000893 0.001726 1.000640 0.001756 1.000488 0.001793 1.000260 0.001833 1.000241 0.001878 1.000160 0.001926 
7800.285810 1.0372 382.9 -0.060 -0.595 8.29 18644.5 MSCL2_1702150667 1.001614 0.001733 1.001962 0.001764 1.001722 0.001801 1.002150 0.001844 1.001889 0.001890 1.002395 0.001939 
7800.286551 1.0366 384.6 -0.010 -0.196 8.14 20262.7 MSCL2_1702150668 1.001669 0.001729 1.002047 0.001761 1.002244 0.001799 1.002467 0.001842 1.002769 0.001888 1.002935 0.001938 
7800.287292 1.0361 388.1 -0.220 -0.081 7.99 20005.5 MSCL2_1702150669 1.001833 0.001732 1.002022 0.001764 1.002073 0.001802 1.002290 0.001844 1.002470 0.001890 1.002992 0.001941 
7800.288033 1.0355 385.5 -0.171 -0.395 7.94 21182.2 MSCL2_1702150670 1.000619 0.001727 1.000790 0.001760 1.000474 0.001797 1.000351 0.001839 0.999691 0.001884 0.999908 0.001933 
7800.288773 1.0350 386.0 -0.059 -0.412 8.36 19128.3 MSCL2_1702150671 0.999636 0.001727 0.999732 0.001758 0.999841 0.001796 0.999834 0.001837 1.000110 0.001884 1.000638 0.001933 
7800.289514 1.0345 384.1 0.115 -0.055 7.61 20759.9 MSCL2_1702150672 1.002625 0.001734 1.002149 0.001764 1.001620 0.001801 1.001812 0.001843 1.001535 0.001888 1.002195 0.001939 
7800.290267 1.0339 383.9 -0.361 -0.314 7.45 21994.0 MSCL2_1702150673 1.002354 0.001731 1.002894 0.001763 1.002752 0.001800 1.003088 0.001842 1.003709 0.001888 1.003999 0.001938 
7800.291007 1.0334 386.8 -0.059 -0.115 8.39 17839.4 MSCL2_1702150674 1.005654 0.001739 1.005575 0.001769 1.005744 0.001805 1.006004 0.001847 1.006178 0.001892 1.006390 0.001941 
7800.291760 1.0330 382.8 0.017 -0.105 7.50 18112.9 MSCL2_1702150675 1.002001 0.001749 1.001879 0.001776 1.001634 0.001811 1.002054 0.001852 1.002105 0.001896 1.001858 0.001943 
7800.292500 1.0325 381.9 -0.127 -0.291 7.61 18987.1 MSCL2_1702150676 1.001167 0.001743 1.001689 0.001774 1.002106 0.001812 1.002255 0.001854 1.002393 0.001899 1.002479 0.001948 
7800.293241 1.0320 382.7 -0.249 -0.066 7.47 18623.2 MSCL2_1702150677 0.999215 0.001740 0.999357 0.001770 0.999510 0.001805 0.999653 0.001846 0.999310 0.001890 0.999408 0.001938 
7800.293993 1.0316 384.5 0.349 0.200 7.75 21463.6 MSCL2_1702150678 1.000000 0.001729 1.000366 0.001762 1.000340 0.001800 1.000216 0.001842 1.000360 0.001888 1.000785 0.001938 
7800.294746 1.0311 383.8 -0.078 -0.094 7.25 20964.8 MSCL2_1702150679 1.004114 0.001735 1.003850 0.001768 1.003223 0.001804 1.003085 0.001846 1.002829 0.001892 1.002669 0.001941 
7800.295486 1.0307 384.6 -0.225 -0.289 7.54 22881.4 MSCL2_1702150680 0.998963 0.001727 0.999410 0.001761 0.999140 0.001800 0.999191 0.001843 0.999353 0.001890 1.000071 0.001941 
7800.296227 1.0303 386.2 0.190 -0.273 7.58 21048.8 MSCL2_1702150681 1.001901 0.001731 1.001728 0.001763 1.001732 0.001801 1.002246 0.001844 1.002353 0.001891 1.002882 0.001941 
7800.296956 1.0299 390.5 -0.107 -0.040 6.95 22072.8 MSCL2_1702150682 1.001613 0.001735 1.001293 0.001767 1.001141 0.001804 1.000976 0.001846 1.000657 0.001892 1.000783 0.001942 
7800.297709 1.0296 396.2 -0.208 0.002 7.34 21577.5 MSCL2_1702150683 1.000297 0.001733 1.000377 0.001766 0.999954 0.001804 0.999654 0.001846 0.999518 0.001892 0.999745 0.001941 
7800.298439 1.0292 402.3 -0.013 -0.107 7.70 17157.4 MSCL2_1702150684 0.998771 0.001744 0.998724 0.001776 0.999032 0.001814 0.999168 0.001857 0.999017 0.001904 0.998720 0.001953 
7800.299180 1.0288 396.3 0.034 -0.625 7.55 17214.0 MSCL2_1702150685 1.003882 0.001760 1.003535 0.001789 1.003791 0.001826 1.003746 0.001867 1.003103 0.001912 1.003360 0.001961 
7800.299932 1.0285 399.5 -0.093 -0.041 7.85 14960.2 MSCL2_1702150686 1.002366 0.001776 1.001627 0.001802 1.001190 0.001835 1.001670 0.001877 1.001249 0.001921 1.001541 0.001971 
7800.300684 1.0282 396.7 -0.046 0.007 7.91 12354.2 MSCL2_1702150687 1.001930 0.001799 1.001075 0.001817 1.000668 0.001845 1.000925 0.001881 1.000514 0.001921 1.001103 0.001967 
7800.301425 1.0279 396.9 -0.179 -0.756 8.29 12117.3 MSCL2_1702150688 1.007222 0.001806 1.006207 0.001824 1.005123 0.001852 1.005025 0.001888 1.004323 0.001929 1.004796 0.001976 
7800.302177 1.0276 396.4 -0.249 -0.026 7.92 12811.5 MSCL2_1702150689 1.004013 0.001800 1.004166 0.001820 1.004348 0.001850 1.004663 0.001887 1.005172 0.001930 1.005354 0.001977 
7800.302918 1.0273 395.7 0.120 -0.195 8.13 13080.6 MSCL2_1702150690 1.002859 0.001787 1.002099 0.001808 1.000688 0.001836 1.000600 0.001873 1.000000 0.001914 1.000245 0.001961 
7800.303670 1.0270 396.5 -0.005 -0.634 7.75 14452.3 MSCL2_1702150691 1.001646 0.001771 1.001078 0.001795 1.000658 0.001828 1.000269 0.001866 1.000036 0.001909 0.999990 0.001956 
7800.304411 1.0267 398.6 -0.027 -0.336 7.74 14713.8 MSCL2_1702150692 1.002018 0.001774 1.001858 0.001800 1.001745 0.001833 1.002199 0.001873 1.001857 0.001917 1.002463 0.001967 
7800.305152 1.0265 397.7 -0.239 -0.142 8.18 13508.3 MSCL2_1702150693 1.004981 0.001785 1.004783 0.001808 1.004194 0.001839 1.003478 0.001876 1.003312 0.001918 1.003404 0.001966 
7800.305893 1.0263 398.2 0.030 -0.345 8.03 12467.7 MSCL2_1702150694 1.002691 0.001800 1.002230 0.001820 1.001797 0.001849 1.001824 0.001886 1.001682 0.001928 1.001930 0.001975 
7800.306633 1.0260 403.2 0.127 -0.120 7.49 14538.0 MSCL2_1702150695 1.004566 0.001788 1.004651 0.001813 1.004427 0.001845 1.004540 0.001884 1.004594 0.001928 1.005166 0.001977 
7800.307386 1.0258 405.5 0.157 -0.423 7.29 17144.9 MSCL2_1702150696 1.004344 0.001769 1.004259 0.001799 1.004626 0.001836 1.004928 0.001879 1.004431 0.001924 1.004515 0.001974 
7800.308115 1.0256 408.3 -0.514 -0.351 6.82 21893.0 MSCL2_1702150697 1.001356 0.001748 1.001795 0.001783 1.002040 0.001823 1.002252 0.001866 1.002162 0.001913 1.002476 0.001965 
7800.308844 1.0255 410.8 -0.121 -0.106 6.88 23043.8 MSCL2_1702150698 1.001926 0.001750 1.001681 0.001784 1.001332 0.001822 1.001259 0.001867 1.001023 0.001914 1.001132 0.001966 
7800.309585 1.0253 411.7 0.238 -0.022 6.85 21375.5 MSCL2_1702150699 1.005739 0.001759 1.005687 0.001793 1.005352 0.001832 1.005205 0.001876 1.005451 0.001924 1.005556 0.001975 
7800.310337 1.0251 409.2 -0.246 -0.447 6.63 23754.1 MSCL2_1702150700 1.001042 0.001750 1.001315 0.001785 1.001022 0.001825 1.001462 0.001870 1.001155 0.001918 1.000777 0.001969 
7800.311089 1.0250 411.1 -0.296 0.048 7.05 22462.2 MSCL2_1702150701 1.000540 0.001751 1.000388 0.001785 0.999746 0.001824 0.999832 0.001868 1.000254 0.001917 1.000133 0.001969 
7800.311830 1.0249 411.9 -0.128 -0.339 6.51 23534.0 MSCL2_1702150702 1.004117 0.001754 1.004035 0.001788 1.003448 0.001827 1.003754 0.001872 1.003335 0.001919 1.003296 0.001970 
7800.312571 1.0247 414.0 -0.010 -0.186 6.55 24461.9 MSCL2_1702150703 1.003558 0.001758 1.003304 0.001793 1.003498 0.001834 1.004247 0.001880 1.005048 0.001930 1.005509 0.001984 
7800.313311 1.0246 414.5 -0.056 -0.237 6.70 23069.8 MSCL2_1702150704 1.003397 0.001756 1.003424 0.001791 1.003116 0.001830 1.003505 0.001875 1.004005 0.001924 1.004389 0.001976 
7800.314052 1.0245 412.9 0.027 -0.059 7.14 21994.9 MSCL2_1702150705 1.002963 0.001758 1.003422 0.001793 1.003892 0.001835 1.004049 0.001880 1.003954 0.001929 1.004068 0.001981 
7800.314793 1.0245 411.6 0.100 -0.159 6.54 23929.9 MSCL2_1702150706 1.004204 0.001759 1.004961 0.001796 1.005366 0.001838 1.005945 0.001885 1.005962 0.001934 1.006382 0.001987 
7800.315534 1.0244 411.1 -0.168 -0.249 6.80 21956.5 MSCL2_1702150707 1.002830 0.001754 1.003415 0.001789 1.002931 0.001827 1.003509 0.001873 1.003667 0.001921 1.003843 0.001973 
7800.316274 1.0244 403.9 0.150 -0.066 6.83 21615.0 MSCL2_1702150708 1.002951 0.001754 1.003262 0.001787 1.003616 0.001827 1.004136 0.001872 1.004163 0.001919 1.004203 0.001970 
7800.317027 1.0243 407.2 -0.195 -0.555 7.59 19225.0 MSCL2_1702150709 1.003882 0.001759 1.003687 0.001791 1.003201 0.001829 1.003259 0.001872 1.003290 0.001919 1.003782 0.001970 
7800.317779 1.0243 416.1 -0.147 -0.462 7.37 19431.5 MSCL2_1702150710 1.001762 0.001760 1.002106 0.001793 1.002010 0.001832 1.001913 0.001875 1.001734 0.001923 1.002007 0.001974 
7800.318566 1.0243 423.6 -0.009 -0.120 6.75 19809.9 MSCL2_1702150711 1.003782 0.001769 1.003654 0.001802 1.003782 0.001843 1.004585 0.001890 1.004659 0.001938 1.005217 0.001992 
7800.319307 1.0243 437.5 0.086 -0.387 7.53 20463.2 MSCL2_1702150712 1.001592 0.001766 1.001778 0.001802 1.002007 0.001843 1.001937 0.001889 1.001719 0.001938 1.002028 0.001992 
7800.320036 1.0243 427.8 0.002 -0.144 7.09 19980.4 MSCL2_1702150713 1.002256 0.001768 1.002413 0.001804 1.001796 0.001844 1.001826 0.001890 1.001495 0.001940 1.001372 0.001993 
7800.320777 1.0243 422.9 -0.211 -0.143 6.90 20690.6 MSCL2_1702150714 1.006786 0.001766 1.006842 0.001800 1.006680 0.001840 1.006812 0.001885 1.006172 0.001933 1.006826 0.001986 
7800.321506 1.0243 420.5 -0.090 -0.408 7.03 19610.4 MSCL2_1702150715 1.000270 0.001759 1.000645 0.001794 1.000557 0.001833 1.001171 0.001879 1.001386 0.001928 1.001746 0.001980 
7800.322235 1.0244 424.7 0.004 -0.475 7.04 20541.5 MSCL2_1702150716 1.002673 0.001767 1.002950 0.001801 1.002784 0.001840 1.002936 0.001885 1.003467 0.001935 1.003736 0.001987 
7800.322964 1.0245 426.2 -0.114 -0.596 6.88 21163.9 MSCL2_1702150717 1.003789 0.001770 1.004221 0.001805 1.004508 0.001846 1.004913 0.001892 1.004654 0.001940 1.004679 0.001993 
7800.323693 1.0245 423.3 -0.275 0.009 7.01 19174.2 MSCL2_1702150718 1.001551 0.001775 1.001574 0.001808 1.001257 0.001847 1.000903 0.001890 1.000953 0.001938 1.001309 0.001991 
7800.324423 1.0246 422.9 0.051 -0.258 7.31 15863.3 MSCL2_1702150719 1.001235 0.001789 1.001743 0.001820 1.002366 0.001859 1.002373 0.001902 1.002326 0.001949 1.002324 0.002001 
7800.325152 1.0247 422.5 -0.045 -0.501 6.85 22113.0 MSCL2_1702150720 1.001013 0.001765 1.000943 0.001798 1.000914 0.001838 1.001163 0.001883 1.000604 0.001931 1.000744 0.001983 
7800.325894 1.0248 422.6 -0.355 -0.048 6.96 20764.7 MSCL2_1702150721 1.002711 0.001773 1.003012 0.001807 1.003123 0.001847 1.002776 0.001891 1.002301 0.001939 1.001915 0.001990 
7800.326623 1.0250 445.1 0.212 -0.127 7.65 17252.4 MSCL2_1702150722 1.003293 0.001781 1.003686 0.001815 1.004006 0.001856 1.004498 0.001903 1.004603 0.001952 1.005057 0.002006 
7800.327352 1.0251 444.1 -0.391 -0.498 7.75 17860.5 MSCL2_1702150723 1.003265 0.001783 1.003299 0.001816 1.003403 0.001856 1.003460 0.001901 1.002567 0.001949 1.002868 0.002002 
7800.328104 1.0252 446.3 -0.155 -0.358 7.86 18894.3 MSCL2_1702150724 0.999431 0.001773 0.999579 0.001808 0.999933 0.001849 1.000167 0.001896 1.000387 0.001947 1.000329 0.002000 
7800.328845 1.0254 438.1 -0.375 -0.076 6.94 20673.3 MSCL2_1702150725 1.001111 0.001774 1.001256 0.001809 1.001029 0.001849 1.001442 0.001896 1.001378 0.001946 1.001426 0.002000 
7800.329574 1.0256 423.1 -0.326 -0.223 6.88 20077.7 MSCL2_1702150726 1.001244 0.001771 1.001457 0.001805 1.001478 0.001845 1.000993 0.001889 1.000831 0.001937 1.000806 0.001989 
7800.330326 1.0258 418.6 -0.099 -0.423 6.71 18602.8 MSCL2_1702150727 1.002923 0.001783 1.003444 0.001817 1.003211 0.001855 1.002794 0.001898 1.002713 0.001946 1.003120 0.001999 
7800.331067 1.0260 420.5 -0.189 -0.544 6.99 19399.1 MSCL2_1702150728 1.002640 0.001779 1.002614 0.001811 1.002368 0.001849 1.002535 0.001892 1.002410 0.001940 1.001686 0.001989 
7800.331819 1.0262 424.2 -0.272 -0.223 7.21 20074.8 MSCL2_1702150729 1.002706 0.001774 1.003247 0.001808 1.003151 0.001848 1.003339 0.001893 1.003223 0.001941 1.003653 0.001995 
7800.332560 1.0264 415.6 -0.241 -0.451 7.24 19995.9 MSCL2_1702150730 1.000523 0.001767 1.000895 0.001801 1.001163 0.001841 1.001616 0.001886 1.002074 0.001935 1.002247 0.001988 
7800.333289 1.0267 413.2 -0.027 -0.453 6.61 21928.2 MSCL2_1702150731 1.000834 0.001765 1.000934 0.001798 1.001267 0.001838 1.001868 0.001884 1.001895 0.001933 1.002468 0.001985 
7800.334042 1.0269 415.6 -0.120 -0.611 7.47 20827.8 MSCL2_1702150732 0.999908 0.001756 1.000520 0.001791 1.000223 0.001831 1.000132 0.001875 1.000234 0.001924 1.001011 0.001977 
7800.334771 1.0272 415.0 0.151 -0.146 7.16 21432.0 MSCL2_1702150733 1.003368 0.001766 1.003140 0.001799 1.002759 0.001839 1.002770 0.001884 1.002683 0.001932 1.003077 0.001985 
7800.335512 1.0275 414.0 -0.462 -0.137 7.01 23731.0 MSCL2_1702150734 1.000542 0.001757 1.000971 0.001793 1.000582 0.001833 1.001391 0.001880 1.001868 0.001930 1.002493 0.001983 
7800.336252 1.0278 419.9 -0.058 -0.841 7.10 22139.8 MSCL2_1702150735 1.002473 0.001769 1.002438 0.001803 1.002220 0.001844 1.002673 0.001890 1.002721 0.001939 1.003278 0.001992 
7800.336981 1.0281 428.1 -0.343 -0.379 6.97 22186.9 MSCL2_1702150736 1.003075 0.001779 1.003315 0.001815 1.003355 0.001857 1.003742 0.001905 1.003625 0.001955 1.003519 0.002009 
7800.337722 1.0284 431.2 0.031 0.116 6.97 23491.0 MSCL2_1702150737 1.000957 0.001778 1.001476 0.001814 1.001526 0.001856 1.002288 0.001904 1.002442 0.001955 1.002444 0.002008 
7800.338475 1.0287 429.6 -0.391 -0.484 7.40 19555.1 MSCL2_1702150738 1.002882 0.001779 1.003207 0.001814 1.003012 0.001854 1.002790 0.001899 1.002565 0.001947 1.002632 0.002000 
7800.339215 1.0291 431.0 -0.115 -0.685 7.54 19404.4 MSCL2_1702150739 1.001195 0.001780 1.001317 0.001816 1.001408 0.001858 1.001665 0.001905 1.001871 0.001957 1.002801 0.002013 
7800.339956 1.0294 427.0 0.023 -0.737 6.77 24282.6 MSCL2_1702150740 1.002491 0.001770 1.003361 0.001807 1.003426 0.001848 1.004158 0.001896 1.004758 0.001946 1.005236 0.002001 
7800.340697 1.0298 418.9 -0.198 -0.467 7.56 20899.4 MSCL2_1702150741 1.000326 0.001763 1.000830 0.001798 1.000772 0.001838 1.001177 0.001884 1.001362 0.001934 1.001111 0.001986 
7800.341437 1.0302 412.1 0.083 -0.016 6.82 21979.9 MSCL2_1702150742 1.003204 0.001758 1.003286 0.001792 1.002909 0.001831 1.002813 0.001876 1.002985 0.001924 1.003307 0.001976 
7800.342178 1.0306 410.1 -0.285 -0.261 7.09 21968.0 MSCL2_1702150743 1.002220 0.001760 1.002863 0.001796 1.003165 0.001836 1.003026 0.001881 1.002482 0.001928 1.002524 0.001980 
7800.342931 1.0310 407.3 0.000 -0.371 7.40 19882.1 MSCL2_1702150744 0.999825 0.001761 0.999701 0.001793 0.998945 0.001830 0.998644 0.001874 0.998824 0.001921 0.998872 0.001973 
7800.343671 1.0314 404.5 -0.082 -0.492 7.81 17570.2 MSCL2_1702150745 1.003406 0.001766 1.003325 0.001799 1.002790 0.001837 1.002513 0.001881 1.002170 0.001928 1.002471 0.001980 
7800.344412 1.0319 405.1 -0.238 -0.473 6.81 22916.0 MSCL2_1702150746 1.000456 0.001756 1.001328 0.001791 1.001911 0.001831 1.002110 0.001876 1.001972 0.001924 1.002440 0.001976 
7800.345164 1.0323 407.9 -0.082 -0.167 7.22 20686.6 MSCL2_1702150747 1.001448 0.001759 1.001386 0.001792 1.001703 0.001831 1.002095 0.001875 1.002463 0.001923 1.002623 0.001974 
7800.345893 1.0328 427.9 -0.066 -0.467 7.04 22979.2 MSCL2_1702150748 1.002799 0.001769 1.003037 0.001804 1.003206 0.001845 1.004124 0.001892 1.003869 0.001941 1.003760 0.001993 
7800.346634 1.0333 431.5 -0.106 -0.137 7.13 18876.4 MSCL2_1702150749 1.001794 0.001773 1.002384 0.001807 1.002359 0.001847 1.002146 0.001891 1.001905 0.001939 1.001996 0.001992 
7800.347375 1.0338 415.7 -0.097 -0.680 7.54 18732.2 MSCL2_1702150750 1.007844 0.001777 1.008358 0.001810 1.007894 0.001847 1.007895 0.001890 1.008237 0.001938 1.008697 0.001990 
7800.348127 1.0343 409.1 -0.343 -0.270 7.12 20122.9 MSCL2_1702150751 1.004290 0.001774 1.004837 0.001808 1.004897 0.001847 1.005071 0.001892 1.004900 0.001940 1.004907 0.001992 
7800.348856 1.0348 411.1 -0.292 -0.420 7.58 20179.7 MSCL2_1702150752 1.002325 0.001765 1.002582 0.001799 1.002437 0.001837 1.002969 0.001882 1.002772 0.001929 1.002775 0.001980 
7800.349586 1.0353 412.6 -0.263 -0.666 7.66 20729.5 MSCL2_1702150753 1.002536 0.001769 1.002690 0.001804 1.002291 0.001843 1.002286 0.001888 1.001651 0.001936 1.002037 0.001989 
7800.350326 1.0359 410.3 -0.465 -0.651 7.17 21510.2 MSCL2_1702150754 1.001081 0.001768 1.001970 0.001803 1.001974 0.001843 1.001717 0.001887 1.001659 0.001936 1.002221 0.001989 
7800.351067 1.0364 413.1 0.146 -0.135 7.95 20984.6 MSCL2_1702150755 1.002870 0.001769 1.003270 0.001802 1.003449 0.001841 1.004182 0.001886 1.004177 0.001933 1.004008 0.001984 
7800.351808 1.0370 410.2 -0.078 -0.530 7.38 21443.5 MSCL2_1702150756 0.999350 0.001764 0.999777 0.001798 1.000000 0.001838 1.000532 0.001883 1.000612 0.001932 1.000788 0.001984 
7800.352549 1.0376 410.6 -0.140 -0.805 7.29 20840.2 MSCL2_1702150757 1.002306 0.001769 1.002098 0.001801 1.001992 0.001839 1.002265 0.001883 1.001936 0.001929 1.001499 0.001979 
7800.353302 1.0382 407.3 -0.427 -0.858 7.77 20095.1 MSCL2_1702150758 1.000179 0.001763 1.000507 0.001796 1.000267 0.001835 1.000287 0.001879 1.000313 0.001927 1.000609 0.001979 
7800.354031 1.0388 406.6 -0.007 -0.615 7.32 22147.6 MSCL2_1702150759 1.002351 0.001765 1.002629 0.001799 1.003230 0.001839 1.003470 0.001884 1.003416 0.001932 1.003623 0.001983 
7800.354760 1.0394 401.6 -0.100 -0.285 7.11 22336.3 MSCL2_1702150760 0.998256 0.001754 0.998632 0.001788 0.998541 0.001828 0.998986 0.001873 0.998946 0.001921 0.998961 0.001972 
7800.355489 1.0400 397.0 -0.172 -0.880 7.27 21422.7 MSCL2_1702150761 1.003351 0.001759 1.003767 0.001792 1.003819 0.001830 1.004035 0.001873 1.004150 0.001920 1.005041 0.001972 
7800.356242 1.0407 392.1 0.027 -0.652 7.72 18478.1 MSCL2_1702150762 1.001092 0.001763 1.001338 0.001795 1.001445 0.001832 1.001367 0.001875 1.001366 0.001922 1.001502 0.001972 
7800.356994 1.0414 391.7 -0.502 -0.239 7.30 20455.8 MSCL2_1702150763 1.000280 0.001755 0.999772 0.001785 0.999603 0.001823 0.999859 0.001867 1.000325 0.001915 1.000944 0.001966 
7800.357746 1.0421 393.0 -0.065 -0.780 7.47 20091.9 MSCL2_1702150764 1.003364 0.001755 1.003606 0.001787 1.003401 0.001825 1.003313 0.001868 1.002890 0.001915 1.002935 0.001965 
7800.358499 1.0428 397.7 -0.136 -0.457 6.75 24767.1 MSCL2_1702150765 1.003046 0.001753 1.003599 0.001789 1.003347 0.001828 1.003474 0.001872 1.003206 0.001920 1.003367 0.001972 
7800.359239 1.0435 395.5 -0.423 -0.505 6.46 27956.0 MSCL2_1702150766 1.002823 0.001748 1.003284 0.001783 1.003110 0.001823 1.003038 0.001867 1.003114 0.001915 1.003110 0.001966 
7800.359992 1.0442 398.6 -0.360 -0.362 6.90 26971.8 MSCL2_1702150767 1.004494 0.001755 1.004912 0.001790 1.004855 0.001831 1.005435 0.001876 1.005133 0.001924 1.004948 0.001975 
7800.360721 1.0449 403.1 -0.265 -0.559 7.69 21214.9 MSCL2_1702150768 1.001750 0.001762 1.001648 0.001796 1.000996 0.001834 1.001413 0.001880 1.001213 0.001928 1.001540 0.001981 
7800.361485 1.0457 406.9 -0.141 -0.569 6.68 23751.7 MSCL2_1702150769 1.000362 0.001761 1.001118 0.001797 1.001742 0.001838 1.002024 0.001884 1.002450 0.001933 1.003009 0.001985 
7800.362226 1.0465 410.9 -0.373 -0.145 7.95 19937.2 MSCL2_1702150770 1.004397 0.001769 1.004430 0.001804 1.004160 0.001844 1.004266 0.001889 1.004475 0.001939 1.004891 0.001991 
7800.362978 1.0473 411.8 -0.366 -0.620 7.27 22426.0 MSCL2_1702150771 1.004258 0.001767 1.004997 0.001802 1.005505 0.001843 1.005663 0.001888 1.005483 0.001937 1.006255 0.001990 
7800.363719 1.0481 415.6 -0.198 -0.665 7.46 20635.8 MSCL2_1702150772 1.001049 0.001763 1.001803 0.001798 1.001547 0.001838 1.001677 0.001882 1.001541 0.001930 1.001778 0.001981 
7800.364471 1.0489 414.0 -0.360 -0.538 6.81 23294.7 MSCL2_1702150773 1.003025 0.001765 1.003668 0.001801 1.003881 0.001842 1.004114 0.001887 1.004262 0.001936 1.004000 0.001988 
7800.365212 1.0497 416.5 -0.276 -0.757 7.33 23715.5 MSCL2_1702150774 1.002231 0.001768 1.003115 0.001805 1.003456 0.001847 1.003704 0.001894 1.003977 0.001944 1.004645 0.001998 
7800.365941 1.0505 421.6 -0.404 -0.312 7.18 23345.7 MSCL2_1702150775 1.002934 0.001770 1.002943 0.001806 1.002681 0.001847 1.002954 0.001894 1.003746 0.001944 1.003848 0.001998 
7800.366682 1.0514 424.3 -0.464 -0.043 7.06 25287.2 MSCL2_1702150776 1.002492 0.001773 1.002167 0.001810 1.001652 0.001851 1.002291 0.001899 1.002653 0.001950 1.002437 0.002003 
7800.367422 1.0522 429.0 -0.468 -0.903 7.82 23092.3 MSCL2_1702150777 1.003798 0.001779 1.004707 0.001818 1.004781 0.001861 1.004999 0.001909 1.004837 0.001960 1.005064 0.002014 
7800.368175 1.0531 452.6 -0.308 -0.493 7.30 20748.6 MSCL2_1702150778 1.002038 0.001786 1.001804 0.001824 1.001357 0.001866 1.002446 0.001916 1.002735 0.001969 1.003074 0.002025 
7800.368915 1.0540 453.4 -0.506 0.126 7.74 22383.4 MSCL2_1702150779 1.000659 0.001786 1.001563 0.001825 1.001028 0.001868 1.000557 0.001916 1.000512 0.001968 1.000088 0.002023 
7800.369645 1.0549 458.9 -0.476 -1.043 7.27 23282.0 MSCL2_1702150780 1.002560 0.001797 1.003364 0.001837 1.003219 0.001882 1.002998 0.001931 1.002830 0.001984 1.003377 0.002041 
7800.370397 1.0559 474.5 -0.662 -0.020 7.53 20742.6 MSCL2_1702150781 0.999482 0.001800 0.999705 0.001839 0.999454 0.001883 0.998894 0.001931 0.999107 0.001985 0.999810 0.002043 
7800.371138 1.0568 482.1 -0.527 -0.919 7.38 24453.8 MSCL2_1702150782 1.000520 0.001802 1.000702 0.001842 1.000557 0.001887 1.000800 0.001938 1.000636 0.001991 1.001392 0.002051 
7800.371890 1.0578 495.0 -0.483 -0.311 7.55 20415.6 MSCL2_1702150783 1.004899 0.001816 1.005096 0.001854 1.005032 0.001899 1.005719 0.001950 1.005689 0.002004 1.005979 0.002062 
7800.372631 1.0587 510.3 -0.450 -0.667 7.07 24678.6 MSCL2_1702150784 1.001214 0.001809 1.002285 0.001851 1.002180 0.001897 1.002809 0.001949 1.003444 0.002005 1.004069 0.002065 
7800.373371 1.0597 530.3 -0.478 -0.426 7.32 20144.1 MSCL2_1702150785 1.002284 0.001823 1.002426 0.001865 1.002419 0.001912 1.002215 0.001964 1.002299 0.002020 1.002348 0.002080 
7800.374112 1.0607 549.0 -0.423 -0.769 7.75 19450.9 MSCL2_1702150786 1.002849 0.001831 1.002416 0.001872 1.001788 0.001919 1.002137 0.001973 1.002018 0.002030 1.002299 0.002092 
7800.374841 1.0617 579.5 -0.478 -0.861 7.52 20811.6 MSCL2_1702150787 1.004248 0.001842 1.004992 0.001886 1.004992 0.001935 1.004668 0.001990 1.004344 0.002048 1.004703 0.002111 
7800.375582 1.0627 626.2 -0.600 -0.462 7.50 19178.7 MSCL2_1702150788 1.002137 0.001864 1.002746 0.001910 1.002143 0.001961 1.002484 0.002019 1.002278 0.002081 1.002639 0.002147 
7800.376323 1.0638 681.3 -0.468 -0.642 7.88 19579.8 MSCL2_1702150789 1.001639 0.001879 1.002027 0.001928 1.002846 0.001985 1.003802 0.002047 1.004218 0.002114 1.004283 0.002183 
7800.377063 1.0648 737.2 -0.549 -0.482 7.99 17034.4 MSCL2_1702150790 1.006146 0.001914 1.006498 0.001965 1.006318 0.002022 1.005565 0.002085 1.004949 0.002153 1.004864 0.002225 
7800.377793 1.0659 803.3 -0.537 -0.651 7.26 21753.9 MSCL2_1702150791 1.003800 0.001909 1.003962 0.001963 1.004105 0.002024 1.003943 0.002090 1.003172 0.002159 1.003991 0.002236 
